(1, 11) (10, 21) (14, 31) (13, 17) (0, 47) (28, 45) (8, 32) (20, 46) (33, 43) (27, 43) (2, 28) (12, 44) (4, 48) (31, 48) (2, 9) (0, 9) (29, 41) (13, 41) (7, 27) (43, 49) (32, 47) (12, 32) (9, 45) (26, 44) (27, 33) (4, 33) (29, 31) (28, 33) (46, 48) (4, 35) (27, 30) (6, 37) (3, 39) (7, 37) (34, 42) (23, 43) (6, 12) (40, 42) (31, 32) (10, 22) (16, 31) (11, 36) (24, 45) (16, 40) (23, 41) (6, 28) (2, 44) (21, 44) (13, 19) (16, 28) (3, 34) (2, 26) (14, 35) (2, 38) (28, 30) (8, 35) (13, 43) (1, 20) (16, 48) (13, 37) (30, 48) (39, 42) (20, 39) (6, 42) (6, 49) (31, 42) (42, 46) (4, 12) (0, 14) (1, 26) (13, 46) (31, 43) (24, 38) (8, 30) (31, 49) (4, 37) (9, 31) (15, 26) (0, 34) (38, 46) (24, 46) (43, 48) (8, 43) (19, 27) (30, 31) (21, 47) (0, 10) (3, 31) (10, 14) (32, 49) (34, 48) (28, 48) (10, 49) (19, 47) (12, 26) (10, 32) (14, 30) (34, 47) (33, 49) (43, 46) (6, 43) (2, 43) (23, 46) (5, 37) (19, 49) (11, 47) (17, 48) (5, 31) (14, 41) (14, 22) (40, 49) (16, 47) (9, 39) (25, 47) (12, 43) (30, 42) (9, 22) (13, 28) (21, 48) (14, 44) (20, 31) (41, 48) (14, 48) 
 0.00  0.23  3.78  4.20  0.76 -5.58  8.02 -8.99 -1.81 -13.68 -19.09  5.41  3.75  4.93 16.41  5.02  9.65 -6.83  4.75 11.73  3.99 -0.82  5.11  2.99 -2.06  5.80  6.49  1.40 -5.79  1.33  1.99 -3.46  2.16 -4.50 -17.46 -2.24  4.25 -4.02  4.14 -1.23  0.26 -2.21 -2.35 -1.59 -1.68 10.15  2.27 -13.34 -7.42  0.32 
 0.23  0.00 -4.82 -4.45 -4.77  2.47  3.15  3.26 -1.77  3.67  7.78 13.24  4.79  1.38 -6.82 -0.16 -5.33  6.57 -5.49 -2.64 -15.83 -2.50 -3.59  0.39  0.11 -2.59 -16.42 -5.37 -8.33  7.14 -4.76  2.09 -5.81 -2.58 -2.38 -7.84 -1.19 -1.03 -10.64  2.66  7.27 12.00 -5.57 -11.66 12.43  6.33 -5.30 -8.64  8.49 -2.74 
 3.78 -4.82  0.00 -2.28 -8.57 -0.76 -7.19 -2.48 -5.83 -13.67 -6.04  5.55  4.54 -3.43  2.01 -0.67 12.18 -0.63  2.71 -2.09  1.53 -8.65  2.89 -4.68 -1.84 -11.31 15.38  9.35 -13.59 -0.36  8.49  0.37 -8.32 -3.43 -7.40 -3.14  6.39  2.02 15.41  0.72 -10.77 -6.84 -0.43 -21.51 15.10 -3.54  4.30 -8.46 11.00  3.15 
 4.20 -4.45 -2.28  0.00  8.22  1.88  9.44 -4.81 -5.12 -12.57 -4.46  4.34 -3.27  5.70  4.11  1.00 -5.27  6.59  6.41 -1.63 -6.47 -9.85  2.37  3.13  0.43 -4.16  0.15 -1.09 -7.79  5.19  7.66 19.57 -9.51 -6.20 -15.34 -9.57 -0.72 -3.86  7.14 -14.19  7.95 -1.53  3.81  1.77  4.40 -3.64 -7.62 -0.01  8.96  5.52 
 0.76 -4.77 -8.57  8.22  0.00 -0.12 -2.95 -4.51  4.33 -0.74  0.33 -4.47 -16.34 10.84  5.35  1.46 -7.77 -5.28 -4.54 -3.91 -0.25 -9.48 -3.72 -0.03  9.30 -12.57 -8.10  5.72 -9.32 -0.19 -2.94 -1.70  5.51 -14.05  0.15 -14.16  0.66 -17.03  7.54  3.96 -7.38  4.49  3.14 -12.65  1.89  1.11 -11.78  3.56 -13.65  8.96 
-5.58  2.47 -0.76  1.88 -0.12  0.00 -2.37  1.18  1.18 -0.65  1.25 -7.44 -12.17  2.81 -1.65 -5.61  3.54  0.22 -4.84  2.83  3.77  0.68 -1.55  0.52  7.65  3.80 -9.74  6.69 -5.72 -1.28 -3.44 22.10  6.53  3.60  0.15 -6.88  8.22 21.88  2.39  5.06 -5.17 -6.19  5.15 -0.78  2.57 -5.76 -6.07 -12.89 -1.13 -9.17 
 8.02  3.15 -7.19  9.44 -2.95 -2.37  0.00  5.33 -6.81 -2.95 -4.78  0.26 -14.50 -2.94 -7.27  5.66  1.20  2.79 11.43 -1.93  3.31  3.38 12.37 -1.39  2.83  4.11 -8.13 -0.23 15.08 -6.34  0.47  9.85  0.82 -4.24  6.11  0.08 -7.89 14.19 -1.11  6.53  7.30 -1.34 -16.21 -21.18  0.51 -8.95 -2.04 10.54 -2.52 16.22 
-8.99  3.26 -2.48 -4.81 -4.51  1.18  5.33  0.00 -3.70 -0.20 -5.49  3.89 -0.27  1.12 -3.85 -1.26 -6.30 -0.56 -1.86  1.80 -5.30  4.20 -0.97  1.22 -0.57 -4.95  2.21 -13.82  3.20  0.58 -4.77 -7.42  6.90 -2.47  2.53 -0.60 -0.49 14.20 -1.92  1.01 -1.53 -12.60 -2.62 -5.71 -1.58 -1.04 -11.60 -3.40  3.81 -0.80 
-1.81 -1.77 -5.83 -5.12  4.33  1.18 -6.81 -3.70  0.00  3.80 -1.90  6.28 -4.77  0.04 -5.83 -7.53 -7.45 -6.13 -2.05  2.15 -5.26 -6.57 -0.36  4.79 -5.23  0.37 -9.49 -3.74  8.73 -8.25 -17.01  7.23 13.41  2.40  2.90 -15.57 -10.29 -2.58  0.44 -4.12  8.69  2.69 -5.49 -18.35 -1.96  3.30  6.77  9.00 -0.17 -5.57 
-13.68  3.67 -13.67 -12.57 -0.74 -0.65 -2.95 -0.20  3.80  0.00  6.71  6.16 -3.92 -9.16 -6.84 -10.60  1.93 -1.59 11.67 -4.66  4.63  9.28 -24.24  7.77 -5.09 12.77  7.59  1.33 -13.16  9.48  9.84 -17.26 -3.85  9.84 -0.21 -8.22  3.86 -0.25  0.48 23.48 -0.39 -1.18 -8.14 10.92 -8.47 -13.93  9.78 -4.81 -5.77  1.19 
-19.09  7.78 -6.04 -4.46  0.33  1.25 -4.78 -5.49 -1.90  6.71  0.00 -6.37  5.30 -1.50 20.08 -7.04  8.68  8.96  8.65 -2.83 -10.30 13.28 -14.66  8.18  2.50  5.97 -6.66  2.04 -2.39  3.85 -12.82  3.37 -20.51  8.92  6.68  3.54 -4.76  2.64 -0.65 10.33  5.72  9.24  5.24  4.97 -9.60 -2.31 12.26  0.46  4.99 -20.23 
 5.41 13.24  5.55  4.34 -4.47 -7.44  0.26  3.89  6.28  6.16 -6.37  0.00  3.47  5.88  5.61  3.54  6.93  6.53  1.56  0.90  6.76 -2.33 -5.30 -11.42  6.41  0.96  0.14  5.47  4.86  9.54  0.37 -0.20 -1.03 -3.10  7.06 -1.32 -14.72 -11.02  2.79  4.56  9.98 -0.66  8.40  6.51 -3.05 -2.78 -4.56 22.01 12.21  2.13 
 3.75  4.79  4.54 -3.27 -16.34 -12.17 -14.50 -0.27 -4.77 -3.92  5.30  3.47  0.00  6.42 -10.67 -2.31 -0.70 -5.66 -5.96  0.17  3.98  1.90  3.55 -5.41  4.15 -5.15 20.43  1.35  6.62 -2.57  5.62  4.03 -13.93  5.69 -2.01  4.03 -7.38  3.96 -12.98  1.39  0.65 -5.88  1.01 -23.66 13.60 -10.04  7.03 -4.70 -6.52  0.47 
 4.93  1.38 -3.43  5.70 10.84  2.81 -2.94  1.12  0.04 -9.16 -1.50  5.88  6.42  0.00  6.75  3.24 -1.78 -13.33  5.06 15.14 -12.80 -2.64  8.02 -1.64  1.46 -6.74  1.92 -1.37 -24.93 13.20  4.86  4.04 10.08 -0.19 -12.86  3.14 -7.87 15.95 -5.22 -4.27  0.15 13.82  1.07 15.65  1.63 -6.41 -16.47 11.44 -9.68  6.33 
16.41 -6.82  2.01  4.11  5.35 -1.65 -7.27 -3.85 -5.83 -6.84 20.08  5.61 -10.67  6.75  0.00 10.50  3.92 -6.02  2.68  8.88 -2.21 -12.27 22.84 -5.58  0.33 10.05 -2.02 -7.73 -7.29 12.02 20.63 13.31  8.55 -2.45 -12.62 -15.40 -9.09  3.50 -5.80  0.96  2.82 22.73  2.41  9.32 -26.66 -10.08 -7.42 -12.55 32.30 -5.61 
 5.02 -0.16 -0.67  1.00  1.46 -5.61  5.66 -1.26 -7.53 -10.60 -7.04  3.54 -2.31  3.24 10.50  0.00  8.92  3.06 -1.47  2.71 -4.95 -3.19 11.15  3.30  0.43  3.46 17.46  9.58 -3.55 -2.46  0.30  0.92 -10.42  5.57 -1.11  3.82  3.09  2.27 10.48  5.79  1.29 -4.07 -2.02 -6.30 12.03  4.37  6.75  6.49 -1.69 -6.84 
 9.65 -5.33 12.18 -5.27 -7.77  3.54  1.20 -6.30 -7.45  1.93  8.68  6.93 -0.70 -1.78  3.92  8.92  0.00  2.22  2.05  7.27 -2.77  6.75 -5.30 -1.84 -2.81  7.07  9.27 -5.50 -15.16  5.60 -11.69 -14.69 -4.25  3.24 -3.59  9.85 -8.62 -0.12 -1.12  1.81 -14.91  1.22 -0.63 -5.33 -4.73 -3.67  9.80 23.26 15.83 -5.27 
-6.83  6.57 -0.63  6.59 -5.28  0.22  2.79 -0.56 -6.13 -1.59  8.96  6.53 -5.66 -13.33 -6.02  3.06  2.22  0.00  9.18 -0.81  2.95  9.89 -6.79 -3.58  3.21  1.53  8.06  6.54 -3.62 -2.99  0.09 -0.85 -2.05  9.67  0.68 -0.53  2.02 12.13  2.81 11.81 -6.50  1.91  3.06  0.67 -2.60  7.46 -5.37 -2.85 22.07  7.29 
 4.75 -5.49  2.71  6.41 -4.54 -4.84 11.43 -1.86 -2.05 11.67  8.65  1.56 -5.96  5.06  2.68 -1.47  2.05  9.18  0.00  1.03  3.61  6.38 -1.51 -7.01  3.08  1.69  3.11  3.64 -8.06 -0.15 -3.58 -5.04  3.34  1.76 -5.14 -2.30  2.29  9.14 13.20 -4.25  1.84 -2.77  4.88 -11.97 -3.10 -2.12  2.63  2.56  9.82 -3.15 
11.73 -2.64 -2.09 -1.63 -3.91  2.83 -1.93  1.80  2.15 -4.66 -2.83  0.90  0.17 15.14  8.88  2.71  7.27 -0.81  1.03  0.00  3.87 -7.91 -8.40  4.39  1.17  0.85 -10.02 18.38  7.95  4.42 -1.81 -7.89 -5.20  3.03  3.66  4.99 -0.50 -1.08 -7.40 -4.40  4.14 -0.69 -11.23 -13.08 -5.47  4.78 -12.04 20.41 -6.60 21.94 
 3.99 -15.83  1.53 -6.47 -0.25  3.77  3.31 -5.30 -5.26  4.63 -10.30  6.76  3.98 -12.80 -2.21 -4.95 -2.77  2.95  3.61  3.87  0.00  3.86 -7.59 -5.71 -4.22  1.34 -3.22  1.06  6.76  9.71 -7.47 -27.06 -2.72  2.43  4.14 -1.62 -1.67 -8.06  5.08 16.15 -9.81 -0.54 -5.43  7.05  9.98  0.01 -13.42  1.35 -1.83 -2.85 
-0.82 -2.50 -8.65 -9.85 -9.48  0.68  3.38  4.20 -6.57  9.28 13.28 -2.33  1.90 -2.64 -12.27 -3.19  6.75  9.89  6.38 -7.91  3.86  0.00 -2.50 -7.49 -2.32  6.29  5.41  1.38 -6.69  2.77  5.76 -3.84 -2.99  1.95  8.38  2.02  1.90 -2.95 -4.68  1.24 -0.50 -9.64  3.01 11.58 -15.14  2.59 -11.23 18.87 -24.95 -12.14 
 5.11 -3.59  2.89  2.37 -3.72 -1.55 12.37 -0.97 -0.36 -24.24 -14.66 -5.30  3.55  8.02 22.84 11.15 -5.30 -6.79 -1.51 -8.40 -7.59 -2.50  0.00 -2.90 -7.71 -1.17  7.85 10.49  4.17 -10.86  5.03 -5.89 -4.09  2.02 -5.45  1.76 -4.21  0.50 -4.27  3.46  8.98  3.06  7.42 -8.23  1.12  1.93  9.68 -1.65  2.60 -1.23 
 2.99  0.39 -4.68  3.13 -0.03  0.52 -1.39  1.22  4.79  7.77  8.18 -11.42 -5.41 -1.64 -5.58  3.30 -1.84 -3.58 -7.01  4.39 -5.71 -7.49 -2.90  0.00  3.82  0.40 -0.64 -0.33 -4.71  7.73 -1.65  1.30  1.63  7.95  5.25 -3.17  4.21 -0.93  7.57  9.11  7.45 14.95 -2.11 -14.47 -2.54  2.91 21.87  1.20 -5.76 -12.29 
-2.06  0.11 -1.84  0.43  9.30  7.65  2.83 -0.57 -5.23 -5.09  2.50  6.41  4.15  1.46  0.33  0.43 -2.81  3.21  3.08  1.17 -4.22 -2.32 -7.71  3.82  0.00 -9.09  3.52 -0.53 -1.93  2.98  0.31  1.51 -6.21  7.74 -11.96  1.47  4.57 -12.82 16.92  3.34  5.17 -6.54 -11.40  2.87  0.42 -14.75 17.89  4.45  9.07  6.71 
 5.80 -2.59 -11.31 -4.16 -12.57  3.80  4.11 -4.95  0.37 12.77  5.97  0.96 -5.15 -6.74 10.05  3.46  7.07  1.53  1.69  0.85  1.34  6.29 -1.17  0.40 -9.09  0.00  5.51  7.55  2.30 -4.36 12.72  4.98  3.49 -12.13  1.62  0.54  8.32  0.93  3.39 -0.07 -6.70 -1.34  1.54 -10.00  4.58  2.68  0.45 -23.65 -3.50  4.89 
 6.49 -16.42 15.38  0.15 -8.10 -9.74 -8.13  2.21 -9.49  7.59 -6.66  0.14 20.43  1.92 -2.02 17.46  9.27  8.06  3.11 -10.02 -3.22  5.41  7.85 -0.64  3.52  5.51  0.00 -6.00 -3.59 -3.70 -4.95 -6.01  3.53 -7.12  5.19 -3.92 -9.47 -2.98  2.71  4.47  9.54 -5.61  2.74 -3.57 -14.00 -8.46  1.82  8.43 -6.60 -0.76 
 1.40 -5.37  9.35 -1.09  5.72  6.69 -0.23 -13.82 -3.74  1.33  2.04  5.47  1.35 -1.37 -7.73  9.58 -5.50  6.54  3.64 18.38  1.06  1.38 10.49 -0.33 -0.53  7.55 -6.00  0.00 -4.33 -6.88 -14.18 -5.91 -7.12 14.01 -2.76 -1.53 -5.08  3.38  2.35  8.33  4.04  3.91 -5.01 -13.58 -4.77 -0.81 -6.21  5.85 -3.45 -9.21 
-5.79 -8.33 -13.59 -7.79 -9.32 -5.72 15.08  3.20  8.73 -13.16 -2.39  4.86  6.62 -24.93 -7.29 -3.55 -15.16 -3.62 -8.06  7.95  6.76 -6.69  4.17 -4.71 -1.93  2.30 -3.59 -4.33  0.00  8.89 -15.48  3.10 -4.81 14.07 -2.81 -10.86 -0.94  6.46  1.31 -6.57 -7.25  6.92 -6.98  9.50 -12.26 -13.39  8.91 -8.68 20.23 -3.48 
 1.33  7.14 -0.36  5.19 -0.19 -1.28 -6.34  0.58 -8.25  9.48  3.85  9.54 -2.57 13.20 12.02 -2.46  5.60 -2.99 -0.15  4.42  9.71  2.77 -10.86  7.73  2.98 -4.36 -3.70 -6.88  8.89  0.00 -12.73 14.07  7.26 -3.21  1.01  1.67 -1.26  7.49 -6.84 -9.21 -0.50 -13.75 10.33 -12.28 -10.95 -0.38 -8.61  3.85  7.83 -3.91 
 1.99 -4.76  8.49  7.66 -2.94 -3.44  0.47 -4.77 -17.01  9.84 -12.82  0.37  5.62  4.86 20.63  0.30 -11.69  0.09 -3.58 -1.81 -7.47  5.76  5.03 -1.65  0.31 12.72 -4.95 -14.18 -15.48 -12.73  0.00 -18.41  0.05 -7.07 -7.35 -9.07 -4.54  8.12  2.89 -6.07  8.22  4.97 24.20 -8.94  2.53  6.98  5.65 -3.71 -16.03 -3.66 
-3.46  2.09  0.37 19.57 -1.70 22.10  9.85 -7.42  7.23 -17.26  3.37 -0.20  4.03  4.04 13.31  0.92 -14.69 -0.85 -5.04 -7.89 -27.06 -3.84 -5.89  1.30  1.51  4.98 -6.01 -5.91  3.10 14.07 -18.41  0.00 14.56 -5.63  1.61 -1.03 -1.13  5.45 -7.23 10.10  3.76 -0.24 -16.23 16.47 11.56  2.71  8.19 -0.44 -13.65 -17.01 
 2.16 -5.81 -8.32 -9.51  5.51  6.53  0.82  6.90 13.41 -3.85 -20.51 -1.03 -13.93 10.08  8.55 -10.42 -4.25 -2.05  3.34 -5.20 -2.72 -2.99 -4.09  1.63 -6.21  3.49  3.53 -7.12 -4.81  7.26  0.05 14.56  0.00  2.89 -0.23 -1.41 -1.09 -3.56  5.37 -8.14 13.20 -1.10  3.13 -8.72 -3.32 -2.48 -12.37 -13.86 -5.25 20.10 
-4.50 -2.58 -3.43 -6.20 -14.05  3.60 -4.24 -2.47  2.40  9.84  8.92 -3.10  5.69 -0.19 -2.45  5.57  3.24  9.67  1.76  3.03  2.43  1.95  2.02  7.95  7.74 -12.13 -7.12 14.01 14.07 -3.21 -7.07 -5.63  2.89  0.00  6.54 -11.06 -6.52  0.74  0.75  4.28 -4.12  1.09  2.46 13.54  9.76 -0.18 -3.60  2.70 -2.03 20.83 
-17.46 -2.38 -7.40 -15.34  0.15  0.15  6.11  2.53  2.90 -0.21  6.68  7.06 -2.01 -12.86 -12.62 -1.11 -3.59  0.68 -5.14  3.66  4.14  8.38 -5.45  5.25 -11.96  1.62  5.19 -2.76 -2.81  1.01 -7.35  1.61 -0.23  6.54  0.00 -7.91  6.34 -2.49 -7.34  3.92 10.58 -0.03 -14.47  4.87 -1.77  4.58 10.70 20.65 20.22  7.32 
-2.24 -7.84 -3.14 -9.57 -14.16 -6.88  0.08 -0.60 -15.57 -8.22  3.54 -1.32  4.03  3.14 -15.40  3.82  9.85 -0.53 -2.30  4.99 -1.62  2.02  1.76 -3.17  1.47  0.54 -3.92 -1.53 -10.86  1.67 -9.07 -1.03 -1.41 -11.06 -7.91  0.00 -12.66 -0.39 -3.83 12.79  0.95 -1.05  0.88 -0.60  2.96 -0.07  4.80 -2.02 -7.69 -7.51 
 4.25 -1.19  6.39 -0.72  0.66  8.22 -7.89 -0.49 -10.29  3.86 -4.76 -14.72 -7.38 -7.87 -9.09  3.09 -8.62  2.02  2.29 -0.50 -1.67  1.90 -4.21  4.21  4.57  8.32 -9.47 -5.08 -0.94 -1.26 -4.54 -1.13 -1.09 -6.52  6.34 -12.66  0.00 -3.44 -2.58 -6.94 -1.93 -1.47  3.76 -4.95  0.11 -11.76 10.28  1.66 -6.71  1.24 
-4.02 -1.03  2.02 -3.86 -17.03 21.88 14.19 14.20 -2.58 -0.25  2.64 -11.02  3.96 15.95  3.50  2.27 -0.12 12.13  9.14 -1.08 -8.06 -2.95  0.50 -0.93 -12.82  0.93 -2.98  3.38  6.46  7.49  8.12  5.45 -3.56  0.74 -2.49 -0.39 -3.44  0.00  5.91 -3.41 -5.67 -2.72  3.32 -3.58  6.15  5.19 -1.04  4.45 -13.07 -5.23 
 4.14 -10.64 15.41  7.14  7.54  2.39 -1.11 -1.92  0.44  0.48 -0.65  2.79 -12.98 -5.22 -5.80 10.48 -1.12  2.81 13.20 -7.40  5.08 -4.68 -4.27  7.57 16.92  3.39  2.71  2.35  1.31 -6.84  2.89 -7.23  5.37  0.75 -7.34 -3.83 -2.58  5.91  0.00 -4.17 -1.34  6.18  9.62 -12.93 11.23 12.29 -17.57 -3.31 -4.32 -7.46 
-1.23  2.66  0.72 -14.19  3.96  5.06  6.53  1.01 -4.12 23.48 10.33  4.56  1.39 -4.27  0.96  5.79  1.81 11.81 -4.25 -4.40 16.15  1.24  3.46  9.11  3.34 -0.07  4.47  8.33 -6.57 -9.21 -6.07 10.10 -8.14  4.28  3.92 12.79 -6.94 -3.41 -4.17  0.00 -1.41  2.94 16.04 -5.25 -0.85 -10.81 -10.62 -3.31 -13.17  3.14 
 0.26  7.27 -10.77  7.95 -7.38 -5.17  7.30 -1.53  8.69 -0.39  5.72  9.98  0.65  0.15  2.82  1.29 -14.91 -6.50  1.84  4.14 -9.81 -0.50  8.98  7.45  5.17 -6.70  9.54  4.04 -7.25 -0.50  8.22  3.76 13.20 -4.12 10.58  0.95 -1.93 -5.67 -1.34 -1.41  0.00 -8.92 14.52  1.64  9.19 -9.48 -8.80 -2.25  9.61 23.09 
-2.21 12.00 -6.84 -1.53  4.49 -6.19 -1.34 -12.60  2.69 -1.18  9.24 -0.66 -5.88 13.82 22.73 -4.07  1.22  1.91 -2.77 -0.69 -0.54 -9.64  3.06 14.95 -6.54 -1.34 -5.61  3.91  6.92 -13.75  4.97 -0.24 -1.10  1.09 -0.03 -1.05 -1.47 -2.72  6.18  2.94 -8.92  0.00  2.41 12.72  1.01  3.16  0.91  1.13 29.98  4.26 
-2.35 -5.57 -0.43  3.81  3.14  5.15 -16.21 -2.62 -5.49 -8.14  5.24  8.40  1.01  1.07  2.41 -2.02 -0.63  3.06  4.88 -11.23 -5.43  3.01  7.42 -2.11 -11.40  1.54  2.74 -5.01 -6.98 10.33 24.20 -16.23  3.13  2.46 -14.47  0.88  3.76  3.32  9.62 16.04 14.52  2.41  0.00 -6.81  0.01  3.65 -16.27  2.45 -12.78  0.92 
-1.59 -11.66 -21.51  1.77 -12.65 -0.78 -21.18 -5.71 -18.35 10.92  4.97  6.51 -23.66 15.65  9.32 -6.30 -5.33  0.67 -11.97 -13.08  7.05 11.58 -8.23 -14.47  2.87 -10.00 -3.57 -13.58  9.50 -12.28 -8.94 16.47 -8.72 13.54  4.87 -0.60 -4.95 -3.58 -12.93 -5.25  1.64 12.72 -6.81  0.00 -5.18 -0.35 -20.94 -3.63 18.23 13.85 
-1.68 12.43 15.10  4.40  1.89  2.57  0.51 -1.58 -1.96 -8.47 -9.60 -3.05 13.60  1.63 -26.66 12.03 -4.73 -2.60 -3.10 -5.47  9.98 -15.14  1.12 -2.54  0.42  4.58 -14.00 -4.77 -12.26 -10.95  2.53 11.56 -3.32  9.76 -1.77  2.96  0.11  6.15 11.23 -0.85  9.19  1.01  0.01 -5.18  0.00  2.38  5.20 -3.43 -3.60  8.64 
10.15  6.33 -3.54 -3.64  1.11 -5.76 -8.95 -1.04  3.30 -13.93 -2.31 -2.78 -10.04 -6.41 -10.08  4.37 -3.67  7.46 -2.12  4.78  0.01  2.59  1.93  2.91 -14.75  2.68 -8.46 -0.81 -13.39 -0.38  6.98  2.71 -2.48 -0.18  4.58 -0.07 -11.76  5.19 12.29 -10.81 -9.48  3.16  3.65 -0.35  2.38  0.00  2.29 -5.41 -1.45  6.20 
 2.27 -5.30  4.30 -7.62 -11.78 -6.07 -2.04 -11.60  6.77  9.78 12.26 -4.56  7.03 -16.47 -7.42  6.75  9.80 -5.37  2.63 -12.04 -13.42 -11.23  9.68 21.87 17.89  0.45  1.82 -6.21  8.91 -8.61  5.65  8.19 -12.37 -3.60 10.70  4.80 10.28 -1.04 -17.57 -10.62 -8.80  0.91 -16.27 -20.94  5.20  2.29  0.00  3.65 -14.12  8.03 
-13.34 -8.64 -8.46 -0.01  3.56 -12.89 10.54 -3.40  9.00 -4.81  0.46 22.01 -4.70 11.44 -12.55  6.49 23.26 -2.85  2.56 20.41  1.35 18.87 -1.65  1.20  4.45 -23.65  8.43  5.85 -8.68  3.85 -3.71 -0.44 -13.86  2.70 20.65 -2.02  1.66  4.45 -3.31 -3.31 -2.25  1.13  2.45 -3.63 -3.43 -5.41  3.65  0.00  5.80  0.32 
-7.42  8.49 11.00  8.96 -13.65 -1.13 -2.52  3.81 -0.17 -5.77  4.99 12.21 -6.52 -9.68 32.30 -1.69 15.83 22.07  9.82 -6.60 -1.83 -24.95  2.60 -5.76  9.07 -3.50 -6.60 -3.45 20.23  7.83 -16.03 -13.65 -5.25 -2.03 20.22 -7.69 -6.71 -13.07 -4.32 -13.17  9.61 29.98 -12.78 18.23 -3.60 -1.45 -14.12  5.80  0.00 -3.70 
 0.32 -2.74  3.15  5.52  8.96 -9.17 16.22 -0.80 -5.57  1.19 -20.23  2.13  0.47  6.33 -5.61 -6.84 -5.27  7.29 -3.15 21.94 -2.85 -12.14 -1.23 -12.29  6.71  4.89 -0.76 -9.21 -3.48 -3.91 -3.66 -17.01 20.10 20.83  7.32 -7.51  1.24 -5.23 -7.46  3.14 23.09  4.26  0.92 13.85  8.64  6.20  8.03  0.32 -3.70  0.00 

(1, 11) (10, 21) (14, 31) (13, 17) (0, 47) (28, 45) (8, 32) (20, 46) (33, 43) (27, 43) (2, 28) (12, 44) (4, 48) (31, 48) (2, 9) (0, 9) (29, 41) (13, 41) (7, 27) (43, 49) (32, 47) (12, 32) (9, 45) (26, 44) (27, 33) (4, 33) (29, 31) (28, 33) (46, 48) (4, 35) (27, 30) (6, 37) (3, 39) (7, 37) (34, 42) (23, 43) (6, 12) (40, 42) (31, 32) (10, 22) (16, 31) (11, 36) (24, 45) (16, 40) (23, 41) (6, 28) (2, 44) (21, 44) (13, 19) (16, 28) (3, 34) (2, 26) (14, 35) (2, 38) (28, 30) (8, 35) (13, 43) (1, 20) (16, 48) (13, 37) (30, 48) (39, 42) (20, 39) (6, 42) (6, 49) (31, 42) (42, 46) (4, 12) (0, 14) (1, 26) (13, 46) (31, 43) (24, 38) (8, 30) (31, 49) (4, 37) (9, 31) (15, 26) (0, 34) (38, 46) (24, 46) (43, 48) (8, 43) (19, 27) (30, 31) (21, 47) (0, 10) (3, 31) (10, 14) (32, 49) (34, 48) (28, 48) (10, 49) (19, 47) (12, 26) (10, 32) (14, 30) (34, 47) (33, 49) (43, 46) (6, 43) (2, 43) (23, 46) (5, 37) (19, 49) (11, 47) (17, 48) (5, 31) (14, 41) (14, 22) (40, 49) (16, 47) (9, 39) (25, 47) (12, 43) (30, 42) (9, 22) (13, 28) (21, 48) (14, 44) (20, 31) (41, 48) (14, 48) 
 0.00  0.23  3.78  4.20  0.76 -5.58  8.02 -8.99 -1.81 -13.68 -19.09  5.41  3.75  4.93 16.41  5.02  9.65 -6.83  4.75 11.73  3.99 -0.82  5.11  2.99 -2.06  5.80  6.49  1.40 -5.79  1.33  1.99 -3.46  2.16 -4.50 -17.46 -2.24  4.25 -4.02  4.14 -1.23  0.26 -2.21 -2.35 -1.59 -1.68 10.15  2.27 -13.34 -7.42  0.32 
 0.23  0.00 -4.82 -4.45 -4.77  2.47  3.15  3.26 -1.77  3.67  7.78 13.24  4.79  1.38 -6.82 -0.16 -5.33  6.57 -5.49 -2.64 -15.83 -2.50 -3.59  0.39  0.11 -2.59 -16.42 -5.37 -8.33  7.14 -4.76  2.09 -5.81 -2.58 -2.38 -7.84 -1.19 -1.03 -10.64  2.66  7.27 12.00 -5.57 -11.66 12.43  6.33 -5.30 -8.64  8.49 -2.74 
 3.78 -4.82  0.00 -2.28 -8.57 -0.76 -7.19 -2.48 -5.83 -13.67 -6.04  5.55  4.54 -3.43  2.01 -0.67 12.18 -0.63  2.71 -2.09  1.53 -8.65  2.89 -4.68 -1.84 -11.31 15.38  9.35 -13.59 -0.36  8.49  0.37 -8.32 -3.43 -7.40 -3.14  6.39  2.02 15.41  0.72 -10.77 -6.84 -0.43 -21.51 15.10 -3.54  4.30 -8.46 11.00  3.15 
 4.20 -4.45 -2.28  0.00  8.22  1.88  9.44 -4.81 -5.12 -12.57 -4.46  4.34 -3.27  5.70  4.11  1.00 -5.27  6.59  6.41 -1.63 -6.47 -9.85  2.37  3.13  0.43 -4.16  0.15 -1.09 -7.79  5.19  7.66 19.57 -9.51 -6.20 -15.34 -9.57 -0.72 -3.86  7.14 -14.19  7.95 -1.53  3.81  1.77  4.40 -3.64 -7.62 -0.01  8.96  5.52 
 0.76 -4.77 -8.57  8.22  0.00 -0.12 -2.95 -4.51  4.33 -0.74  0.33 -4.47 -16.34 10.84  5.35  1.46 -7.77 -5.28 -4.54 -3.91 -0.25 -9.48 -3.72 -0.03  9.30 -12.57 -8.10  5.72 -9.32 -0.19 -2.94 -1.70  5.51 -14.05  0.15 -14.16  0.66 -17.03  7.54  3.96 -7.38  4.49  3.14 -12.65  1.89  1.11 -11.78  3.56 -13.65  8.96 
-5.58  2.47 -0.76  1.88 -0.12  0.00 -2.37  1.18  1.18 -0.65  1.25 -7.44 -12.17  2.81 -1.65 -5.61  3.54  0.22 -4.84  2.83  3.77  0.68 -1.55  0.52  7.65  3.80 -9.74  6.69 -5.72 -1.28 -3.44 22.10  6.53  3.60  0.15 -6.88  8.22 21.88  2.39  5.06 -5.17 -6.19  5.15 -0.78  2.57 -5.76 -6.07 -12.89 -1.13 -9.17 
 8.02  3.15 -7.19  9.44 -2.95 -2.37  0.00  5.33 -6.81 -2.95 -4.78  0.26 -14.50 -2.94 -7.27  5.66  1.20  2.79 11.43 -1.93  3.31  3.38 12.37 -1.39  2.83  4.11 -8.13 -0.23 15.08 -6.34  0.47  9.85  0.82 -4.24  6.11  0.08 -7.89 14.19 -1.11  6.53  7.30 -1.34 -16.21 -21.18  0.51 -8.95 -2.04 10.54 -2.52 16.22 
-8.99  3.26 -2.48 -4.81 -4.51  1.18  5.33  0.00 -3.70 -0.20 -5.49  3.89 -0.27  1.12 -3.85 -1.26 -6.30 -0.56 -1.86  1.80 -5.30  4.20 -0.97  1.22 -0.57 -4.95  2.21 -13.82  3.20  0.58 -4.77 -7.42  6.90 -2.47  2.53 -0.60 -0.49 14.20 -1.92  1.01 -1.53 -12.60 -2.62 -5.71 -1.58 -1.04 -11.60 -3.40  3.81 -0.80 
-1.81 -1.77 -5.83 -5.12  4.33  1.18 -6.81 -3.70  0.00  3.80 -1.90  6.28 -4.77  0.04 -5.83 -7.53 -7.45 -6.13 -2.05  2.15 -5.26 -6.57 -0.36  4.79 -5.23  0.37 -9.49 -3.74  8.73 -8.25 -17.01  7.23 13.41  2.40  2.90 -15.57 -10.29 -2.58  0.44 -4.12  8.69  2.69 -5.49 -18.35 -1.96  3.30  6.77  9.00 -0.17 -5.57 
-13.68  3.67 -13.67 -12.57 -0.74 -0.65 -2.95 -0.20  3.80  0.00  6.71  6.16 -3.92 -9.16 -6.84 -10.60  1.93 -1.59 11.67 -4.66  4.63  9.28 -24.24  7.77 -5.09 12.77  7.59  1.33 -13.16  9.48  9.84 -17.26 -3.85  9.84 -0.21 -8.22  3.86 -0.25  0.48 23.48 -0.39 -1.18 -8.14 10.92 -8.47 -13.93  9.78 -4.81 -5.77  1.19 
-19.09  7.78 -6.04 -4.46  0.33  1.25 -4.78 -5.49 -1.90  6.71  0.00 -6.37  5.30 -1.50 20.08 -7.04  8.68  8.96  8.65 -2.83 -10.30 13.28 -14.66  8.18  2.50  5.97 -6.66  2.04 -2.39  3.85 -12.82  3.37 -20.51  8.92  6.68  3.54 -4.76  2.64 -0.65 10.33  5.72  9.24  5.24  4.97 -9.60 -2.31 12.26  0.46  4.99 -20.23 
 5.41 13.24  5.55  4.34 -4.47 -7.44  0.26  3.89  6.28  6.16 -6.37  0.00  3.47  5.88  5.61  3.54  6.93  6.53  1.56  0.90  6.76 -2.33 -5.30 -11.42  6.41  0.96  0.14  5.47  4.86  9.54  0.37 -0.20 -1.03 -3.10  7.06 -1.32 -14.72 -11.02  2.79  4.56  9.98 -0.66  8.40  6.51 -3.05 -2.78 -4.56 22.01 12.21  2.13 
 3.75  4.79  4.54 -3.27 -16.34 -12.17 -14.50 -0.27 -4.77 -3.92  5.30  3.47  0.00  6.42 -10.67 -2.31 -0.70 -5.66 -5.96  0.17  3.98  1.90  3.55 -5.41  4.15 -5.15 20.43  1.35  6.62 -2.57  5.62  4.03 -13.93  5.69 -2.01  4.03 -7.38  3.96 -12.98  1.39  0.65 -5.88  1.01 -23.66 13.60 -10.04  7.03 -4.70 -6.52  0.47 
 4.93  1.38 -3.43  5.70 10.84  2.81 -2.94  1.12  0.04 -9.16 -1.50  5.88  6.42  0.00  6.75  3.24 -1.78 -13.33  5.06 15.14 -12.80 -2.64  8.02 -1.64  1.46 -6.74  1.92 -1.37 -24.93 13.20  4.86  4.04 10.08 -0.19 -12.86  3.14 -7.87 15.95 -5.22 -4.27  0.15 13.82  1.07 15.65  1.63 -6.41 -16.47 11.44 -9.68  6.33 
16.41 -6.82  2.01  4.11  5.35 -1.65 -7.27 -3.85 -5.83 -6.84 20.08  5.61 -10.67  6.75  0.00 10.50  3.92 -6.02  2.68  8.88 -2.21 -12.27 22.84 -5.58  0.33 10.05 -2.02 -7.73 -7.29 12.02 20.63 13.31  8.55 -2.45 -12.62 -15.40 -9.09  3.50 -5.80  0.96  2.82 22.73  2.41  9.32 -26.66 -10.08 -7.42 -12.55 32.30 -5.61 
 5.02 -0.16 -0.67  1.00  1.46 -5.61  5.66 -1.26 -7.53 -10.60 -7.04  3.54 -2.31  3.24 10.50  0.00  8.92  3.06 -1.47  2.71 -4.95 -3.19 11.15  3.30  0.43  3.46 17.46  9.58 -3.55 -2.46  0.30  0.92 -10.42  5.57 -1.11  3.82  3.09  2.27 10.48  5.79  1.29 -4.07 -2.02 -6.30 12.03  4.37  6.75  6.49 -1.69 -6.84 
 9.65 -5.33 12.18 -5.27 -7.77  3.54  1.20 -6.30 -7.45  1.93  8.68  6.93 -0.70 -1.78  3.92  8.92  0.00  2.22  2.05  7.27 -2.77  6.75 -5.30 -1.84 -2.81  7.07  9.27 -5.50 -15.16  5.60 -11.69 -14.69 -4.25  3.24 -3.59  9.85 -8.62 -0.12 -1.12  1.81 -14.91  1.22 -0.63 -5.33 -4.73 -3.67  9.80 23.26 15.83 -5.27 
-6.83  6.57 -0.63  6.59 -5.28  0.22  2.79 -0.56 -6.13 -1.59  8.96  6.53 -5.66 -13.33 -6.02  3.06  2.22  0.00  9.18 -0.81  2.95  9.89 -6.79 -3.58  3.21  1.53  8.06  6.54 -3.62 -2.99  0.09 -0.85 -2.05  9.67  0.68 -0.53  2.02 12.13  2.81 11.81 -6.50  1.91  3.06  0.67 -2.60  7.46 -5.37 -2.85 22.07  7.29 
 4.75 -5.49  2.71  6.41 -4.54 -4.84 11.43 -1.86 -2.05 11.67  8.65  1.56 -5.96  5.06  2.68 -1.47  2.05  9.18  0.00  1.03  3.61  6.38 -1.51 -7.01  3.08  1.69  3.11  3.64 -8.06 -0.15 -3.58 -5.04  3.34  1.76 -5.14 -2.30  2.29  9.14 13.20 -4.25  1.84 -2.77  4.88 -11.97 -3.10 -2.12  2.63  2.56  9.82 -3.15 
11.73 -2.64 -2.09 -1.63 -3.91  2.83 -1.93  1.80  2.15 -4.66 -2.83  0.90  0.17 15.14  8.88  2.71  7.27 -0.81  1.03  0.00  3.87 -7.91 -8.40  4.39  1.17  0.85 -10.02 18.38  7.95  4.42 -1.81 -7.89 -5.20  3.03  3.66  4.99 -0.50 -1.08 -7.40 -4.40  4.14 -0.69 -11.23 -13.08 -5.47  4.78 -12.04 20.41 -6.60 21.94 
 3.99 -15.83  1.53 -6.47 -0.25  3.77  3.31 -5.30 -5.26  4.63 -10.30  6.76  3.98 -12.80 -2.21 -4.95 -2.77  2.95  3.61  3.87  0.00  3.86 -7.59 -5.71 -4.22  1.34 -3.22  1.06  6.76  9.71 -7.47 -27.06 -2.72  2.43  4.14 -1.62 -1.67 -8.06  5.08 16.15 -9.81 -0.54 -5.43  7.05  9.98  0.01 -13.42  1.35 -1.83 -2.85 
-0.82 -2.50 -8.65 -9.85 -9.48  0.68  3.38  4.20 -6.57  9.28 13.28 -2.33  1.90 -2.64 -12.27 -3.19  6.75  9.89  6.38 -7.91  3.86  0.00 -2.50 -7.49 -2.32  6.29  5.41  1.38 -6.69  2.77  5.76 -3.84 -2.99  1.95  8.38  2.02  1.90 -2.95 -4.68  1.24 -0.50 -9.64  3.01 11.58 -15.14  2.59 -11.23 18.87 -24.95 -12.14 
 5.11 -3.59  2.89  2.37 -3.72 -1.55 12.37 -0.97 -0.36 -24.24 -14.66 -5.30  3.55  8.02 22.84 11.15 -5.30 -6.79 -1.51 -8.40 -7.59 -2.50  0.00 -2.90 -7.71 -1.17  7.85 10.49  4.17 -10.86  5.03 -5.89 -4.09  2.02 -5.45  1.76 -4.21  0.50 -4.27  3.46  8.98  3.06  7.42 -8.23  1.12  1.93  9.68 -1.65  2.60 -1.23 
 2.99  0.39 -4.68  3.13 -0.03  0.52 -1.39  1.22  4.79  7.77  8.18 -11.42 -5.41 -1.64 -5.58  3.30 -1.84 -3.58 -7.01  4.39 -5.71 -7.49 -2.90  0.00  3.82  0.40 -0.64 -0.33 -4.71  7.73 -1.65  1.30  1.63  7.95  5.25 -3.17  4.21 -0.93  7.57  9.11  7.45 14.95 -2.11 -14.47 -2.54  2.91 21.87  1.20 -5.76 -12.29 
-2.06  0.11 -1.84  0.43  9.30  7.65  2.83 -0.57 -5.23 -5.09  2.50  6.41  4.15  1.46  0.33  0.43 -2.81  3.21  3.08  1.17 -4.22 -2.32 -7.71  3.82  0.00 -9.09  3.52 -0.53 -1.93  2.98  0.31  1.51 -6.21  7.74 -11.96  1.47  4.57 -12.82 16.92  3.34  5.17 -6.54 -11.40  2.87  0.42 -14.75 17.89  4.45  9.07  6.71 
 5.80 -2.59 -11.31 -4.16 -12.57  3.80  4.11 -4.95  0.37 12.77  5.97  0.96 -5.15 -6.74 10.05  3.46  7.07  1.53  1.69  0.85  1.34  6.29 -1.17  0.40 -9.09  0.00  5.51  7.55  2.30 -4.36 12.72  4.98  3.49 -12.13  1.62  0.54  8.32  0.93  3.39 -0.07 -6.70 -1.34  1.54 -10.00  4.58  2.68  0.45 -23.65 -3.50  4.89 
 6.49 -16.42 15.38  0.15 -8.10 -9.74 -8.13  2.21 -9.49  7.59 -6.66  0.14 20.43  1.92 -2.02 17.46  9.27  8.06  3.11 -10.02 -3.22  5.41  7.85 -0.64  3.52  5.51  0.00 -6.00 -3.59 -3.70 -4.95 -6.01  3.53 -7.12  5.19 -3.92 -9.47 -2.98  2.71  4.47  9.54 -5.61  2.74 -3.57 -14.00 -8.46  1.82  8.43 -6.60 -0.76 
 1.40 -5.37  9.35 -1.09  5.72  6.69 -0.23 -13.82 -3.74  1.33  2.04  5.47  1.35 -1.37 -7.73  9.58 -5.50  6.54  3.64 18.38  1.06  1.38 10.49 -0.33 -0.53  7.55 -6.00  0.00 -4.33 -6.88 -14.18 -5.91 -7.12 14.01 -2.76 -1.53 -5.08  3.38  2.35  8.33  4.04  3.91 -5.01 -13.58 -4.77 -0.81 -6.21  5.85 -3.45 -9.21 
-5.79 -8.33 -13.59 -7.79 -9.32 -5.72 15.08  3.20  8.73 -13.16 -2.39  4.86  6.62 -24.93 -7.29 -3.55 -15.16 -3.62 -8.06  7.95  6.76 -6.69  4.17 -4.71 -1.93  2.30 -3.59 -4.33  0.00  8.89 -15.48  3.10 -4.81 14.07 -2.81 -10.86 -0.94  6.46  1.31 -6.57 -7.25  6.92 -6.98  9.50 -12.26 -13.39  8.91 -8.68 20.23 -3.48 
 1.33  7.14 -0.36  5.19 -0.19 -1.28 -6.34  0.58 -8.25  9.48  3.85  9.54 -2.57 13.20 12.02 -2.46  5.60 -2.99 -0.15  4.42  9.71  2.77 -10.86  7.73  2.98 -4.36 -3.70 -6.88  8.89  0.00 -12.73 14.07  7.26 -3.21  1.01  1.67 -1.26  7.49 -6.84 -9.21 -0.50 -13.75 10.33 -12.28 -10.95 -0.38 -8.61  3.85  7.83 -3.91 
 1.99 -4.76  8.49  7.66 -2.94 -3.44  0.47 -4.77 -17.01  9.84 -12.82  0.37  5.62  4.86 20.63  0.30 -11.69  0.09 -3.58 -1.81 -7.47  5.76  5.03 -1.65  0.31 12.72 -4.95 -14.18 -15.48 -12.73  0.00 -18.41  0.05 -7.07 -7.35 -9.07 -4.54  8.12  2.89 -6.07  8.22  4.97 24.20 -8.94  2.53  6.98  5.65 -3.71 -16.03 -3.66 
-3.46  2.09  0.37 19.57 -1.70 22.10  9.85 -7.42  7.23 -17.26  3.37 -0.20  4.03  4.04 13.31  0.92 -14.69 -0.85 -5.04 -7.89 -27.06 -3.84 -5.89  1.30  1.51  4.98 -6.01 -5.91  3.10 14.07 -18.41  0.00 14.56 -5.63  1.61 -1.03 -1.13  5.45 -7.23 10.10  3.76 -0.24 -16.23 16.47 11.56  2.71  8.19 -0.44 -13.65 -17.01 
 2.16 -5.81 -8.32 -9.51  5.51  6.53  0.82  6.90 13.41 -3.85 -20.51 -1.03 -13.93 10.08  8.55 -10.42 -4.25 -2.05  3.34 -5.20 -2.72 -2.99 -4.09  1.63 -6.21  3.49  3.53 -7.12 -4.81  7.26  0.05 14.56  0.00  2.89 -0.23 -1.41 -1.09 -3.56  5.37 -8.14 13.20 -1.10  3.13 -8.72 -3.32 -2.48 -12.37 -13.86 -5.25 20.10 
-4.50 -2.58 -3.43 -6.20 -14.05  3.60 -4.24 -2.47  2.40  9.84  8.92 -3.10  5.69 -0.19 -2.45  5.57  3.24  9.67  1.76  3.03  2.43  1.95  2.02  7.95  7.74 -12.13 -7.12 14.01 14.07 -3.21 -7.07 -5.63  2.89  0.00  6.54 -11.06 -6.52  0.74  0.75  4.28 -4.12  1.09  2.46 13.54  9.76 -0.18 -3.60  2.70 -2.03 20.83 
-17.46 -2.38 -7.40 -15.34  0.15  0.15  6.11  2.53  2.90 -0.21  6.68  7.06 -2.01 -12.86 -12.62 -1.11 -3.59  0.68 -5.14  3.66  4.14  8.38 -5.45  5.25 -11.96  1.62  5.19 -2.76 -2.81  1.01 -7.35  1.61 -0.23  6.54  0.00 -7.91  6.34 -2.49 -7.34  3.92 10.58 -0.03 -14.47  4.87 -1.77  4.58 10.70 20.65 20.22  7.32 
-2.24 -7.84 -3.14 -9.57 -14.16 -6.88  0.08 -0.60 -15.57 -8.22  3.54 -1.32  4.03  3.14 -15.40  3.82  9.85 -0.53 -2.30  4.99 -1.62  2.02  1.76 -3.17  1.47  0.54 -3.92 -1.53 -10.86  1.67 -9.07 -1.03 -1.41 -11.06 -7.91  0.00 -12.66 -0.39 -3.83 12.79  0.95 -1.05  0.88 -0.60  2.96 -0.07  4.80 -2.02 -7.69 -7.51 
 4.25 -1.19  6.39 -0.72  0.66  8.22 -7.89 -0.49 -10.29  3.86 -4.76 -14.72 -7.38 -7.87 -9.09  3.09 -8.62  2.02  2.29 -0.50 -1.67  1.90 -4.21  4.21  4.57  8.32 -9.47 -5.08 -0.94 -1.26 -4.54 -1.13 -1.09 -6.52  6.34 -12.66  0.00 -3.44 -2.58 -6.94 -1.93 -1.47  3.76 -4.95  0.11 -11.76 10.28  1.66 -6.71  1.24 
-4.02 -1.03  2.02 -3.86 -17.03 21.88 14.19 14.20 -2.58 -0.25  2.64 -11.02  3.96 15.95  3.50  2.27 -0.12 12.13  9.14 -1.08 -8.06 -2.95  0.50 -0.93 -12.82  0.93 -2.98  3.38  6.46  7.49  8.12  5.45 -3.56  0.74 -2.49 -0.39 -3.44  0.00  5.91 -3.41 -5.67 -2.72  3.32 -3.58  6.15  5.19 -1.04  4.45 -13.07 -5.23 
 4.14 -10.64 15.41  7.14  7.54  2.39 -1.11 -1.92  0.44  0.48 -0.65  2.79 -12.98 -5.22 -5.80 10.48 -1.12  2.81 13.20 -7.40  5.08 -4.68 -4.27  7.57 16.92  3.39  2.71  2.35  1.31 -6.84  2.89 -7.23  5.37  0.75 -7.34 -3.83 -2.58  5.91  0.00 -4.17 -1.34  6.18  9.62 -12.93 11.23 12.29 -17.57 -3.31 -4.32 -7.46 
-1.23  2.66  0.72 -14.19  3.96  5.06  6.53  1.01 -4.12 23.48 10.33  4.56  1.39 -4.27  0.96  5.79  1.81 11.81 -4.25 -4.40 16.15  1.24  3.46  9.11  3.34 -0.07  4.47  8.33 -6.57 -9.21 -6.07 10.10 -8.14  4.28  3.92 12.79 -6.94 -3.41 -4.17  0.00 -1.41  2.94 16.04 -5.25 -0.85 -10.81 -10.62 -3.31 -13.17  3.14 
 0.26  7.27 -10.77  7.95 -7.38 -5.17  7.30 -1.53  8.69 -0.39  5.72  9.98  0.65  0.15  2.82  1.29 -14.91 -6.50  1.84  4.14 -9.81 -0.50  8.98  7.45  5.17 -6.70  9.54  4.04 -7.25 -0.50  8.22  3.76 13.20 -4.12 10.58  0.95 -1.93 -5.67 -1.34 -1.41  0.00 -8.92 14.52  1.64  9.19 -9.48 -8.80 -2.25  9.61 23.09 
-2.21 12.00 -6.84 -1.53  4.49 -6.19 -1.34 -12.60  2.69 -1.18  9.24 -0.66 -5.88 13.82 22.73 -4.07  1.22  1.91 -2.77 -0.69 -0.54 -9.64  3.06 14.95 -6.54 -1.34 -5.61  3.91  6.92 -13.75  4.97 -0.24 -1.10  1.09 -0.03 -1.05 -1.47 -2.72  6.18  2.94 -8.92  0.00  2.41 12.72  1.01  3.16  0.91  1.13 29.98  4.26 
-2.35 -5.57 -0.43  3.81  3.14  5.15 -16.21 -2.62 -5.49 -8.14  5.24  8.40  1.01  1.07  2.41 -2.02 -0.63  3.06  4.88 -11.23 -5.43  3.01  7.42 -2.11 -11.40  1.54  2.74 -5.01 -6.98 10.33 24.20 -16.23  3.13  2.46 -14.47  0.88  3.76  3.32  9.62 16.04 14.52  2.41  0.00 -6.81  0.01  3.65 -16.27  2.45 -12.78  0.92 
-1.59 -11.66 -21.51  1.77 -12.65 -0.78 -21.18 -5.71 -18.35 10.92  4.97  6.51 -23.66 15.65  9.32 -6.30 -5.33  0.67 -11.97 -13.08  7.05 11.58 -8.23 -14.47  2.87 -10.00 -3.57 -13.58  9.50 -12.28 -8.94 16.47 -8.72 13.54  4.87 -0.60 -4.95 -3.58 -12.93 -5.25  1.64 12.72 -6.81  0.00 -5.18 -0.35 -20.94 -3.63 18.23 13.85 
-1.68 12.43 15.10  4.40  1.89  2.57  0.51 -1.58 -1.96 -8.47 -9.60 -3.05 13.60  1.63 -26.66 12.03 -4.73 -2.60 -3.10 -5.47  9.98 -15.14  1.12 -2.54  0.42  4.58 -14.00 -4.77 -12.26 -10.95  2.53 11.56 -3.32  9.76 -1.77  2.96  0.11  6.15 11.23 -0.85  9.19  1.01  0.01 -5.18  0.00  2.38  5.20 -3.43 -3.60  8.64 
10.15  6.33 -3.54 -3.64  1.11 -5.76 -8.95 -1.04  3.30 -13.93 -2.31 -2.78 -10.04 -6.41 -10.08  4.37 -3.67  7.46 -2.12  4.78  0.01  2.59  1.93  2.91 -14.75  2.68 -8.46 -0.81 -13.39 -0.38  6.98  2.71 -2.48 -0.18  4.58 -0.07 -11.76  5.19 12.29 -10.81 -9.48  3.16  3.65 -0.35  2.38  0.00  2.29 -5.41 -1.45  6.20 
 2.27 -5.30  4.30 -7.62 -11.78 -6.07 -2.04 -11.60  6.77  9.78 12.26 -4.56  7.03 -16.47 -7.42  6.75  9.80 -5.37  2.63 -12.04 -13.42 -11.23  9.68 21.87 17.89  0.45  1.82 -6.21  8.91 -8.61  5.65  8.19 -12.37 -3.60 10.70  4.80 10.28 -1.04 -17.57 -10.62 -8.80  0.91 -16.27 -20.94  5.20  2.29  0.00  3.65 -14.12  8.03 
-13.34 -8.64 -8.46 -0.01  3.56 -12.89 10.54 -3.40  9.00 -4.81  0.46 22.01 -4.70 11.44 -12.55  6.49 23.26 -2.85  2.56 20.41  1.35 18.87 -1.65  1.20  4.45 -23.65  8.43  5.85 -8.68  3.85 -3.71 -0.44 -13.86  2.70 20.65 -2.02  1.66  4.45 -3.31 -3.31 -2.25  1.13  2.45 -3.63 -3.43 -5.41  3.65  0.00  5.80  0.32 
-7.42  8.49 11.00  8.96 -13.65 -1.13 -2.52  3.81 -0.17 -5.77  4.99 12.21 -6.52 -9.68 32.30 -1.69 15.83 22.07  9.82 -6.60 -1.83 -24.95  2.60 -5.76  9.07 -3.50 -6.60 -3.45 20.23  7.83 -16.03 -13.65 -5.25 -2.03 20.22 -7.69 -6.71 -13.07 -4.32 -13.17  9.61 29.98 -12.78 18.23 -3.60 -1.45 -14.12  5.80  0.00 -3.70 
 0.32 -2.74  3.15  5.52  8.96 -9.17 16.22 -0.80 -5.57  1.19 -20.23  2.13  0.47  6.33 -5.61 -6.84 -5.27  7.29 -3.15 21.94 -2.85 -12.14 -1.23 -12.29  6.71  4.89 -0.76 -9.21 -3.48 -3.91 -3.66 -17.01 20.10 20.83  7.32 -7.51  1.24 -5.23 -7.46  3.14 23.09  4.26  0.92 13.85  8.64  6.20  8.03  0.32 -3.70  0.00 
