(37, 39) (27, 43) (41, 49) (23, 38) (31, 33) (5, 9) (11, 27) (14, 26) (28, 41) (16, 36) (10, 41) (24, 33) (10, 49) (11, 34) (23, 32) (27, 39) (10, 12) (29, 47) (36, 38) (31, 43) (48, 49) (0, 13) (27, 30) (0, 26) (29, 41) (2, 47) (8, 33) (14, 38) (3, 36) (25, 26) (37, 45) (19, 35) (4, 47) (8, 43) (23, 24) (3, 39) (9, 41) (29, 34) (10, 26) (1, 41) (4, 31) (19, 41) (15, 29) (25, 30) (12, 49) (8, 32) (15, 26) (21, 44) (30, 34) (24, 43) (18, 47) (10, 20) (31, 38) (3, 30) (13, 37) (3, 11) (3, 21) (10, 13) (5, 12) (4, 12) (0, 30) (6, 40) (7, 20) (1, 39) (32, 45) (31, 44) (34, 35) (7, 45) (31, 47) (9, 14) (36, 40) (14, 44) (2, 43) (0, 18) (23, 44) (18, 39) (12, 36) (25, 39) (6, 31) (1, 47) (3, 45) (40, 41) (43, 47) (6, 18) (20, 28) (1, 31) (7, 13) (14, 24) (7, 34) (13, 38) (32, 48) (1, 40) (29, 31) (8, 30) (5, 11) (11, 25) (34, 40) (17, 39) (9, 40) (5, 47) (21, 43) (33, 41) (9, 33) (40, 49) (29, 30) (10, 16) (16, 26) (6, 25) (14, 40) (35, 37) (5, 39) (34, 42) (0, 14) (12, 40) (14, 15) (43, 49) (6, 39) (34, 43) (30, 43) (17, 47) (40, 43) (14, 41) (28, 30) 
 0.00 -1.38  1.85  2.17 -0.50 -0.48 -0.08 -1.43 -1.32  0.47 -1.00  1.37  0.29  2.90  4.81  1.52  0.72  1.37 -3.47  0.27 -0.04 -0.11  0.65  1.34  0.36 -0.52  2.92 -0.99  0.06 -0.54  3.36 -1.70  0.65 -1.80 -0.80  0.99 -0.20 -2.22 -1.89  1.87  0.01 -0.77 -0.01 -0.92 -1.14  1.09  0.11 -1.77 -1.06 -0.71 
-1.38  0.00 -1.25  0.01  1.25 -0.53  1.32 -1.37 -0.47 -1.24  1.28  2.47 -0.17  0.61  0.41  0.07  0.00 -1.44 -0.23 -0.17 -1.97 -0.06 -1.00 -0.19 -0.22  0.64  1.03  0.91  0.58 -0.24 -0.51  3.67  1.24  0.89  1.63 -1.55  0.41 -0.95  0.38 -3.37 -3.75  3.07  0.72  1.99  1.59  0.73 -1.26  3.56  0.06  1.76 
 1.85 -1.25  0.00 -1.76  0.41  1.34 -0.07 -1.08  0.16  1.98 -0.92  1.94  0.95 -1.31  0.05 -0.91  2.53 -0.45  2.55  0.44  1.31  1.14 -0.27  0.76 -0.10  1.40 -1.33  0.90  1.51 -0.17 -1.82  0.77  0.69 -1.86  1.92 -0.07  1.01 -1.84  0.31  1.30  0.24  0.72  0.01 -3.45  0.91  0.22  0.14 -2.93  1.70  0.55 
 2.17  0.01 -1.76  0.00 -1.57 -0.52  2.07 -2.27 -1.75  0.40 -1.73  3.27 -1.02 -0.68  1.23  0.21 -1.98  1.18 -0.00  1.54 -1.20 -3.30  1.30  2.42  0.34 -0.24 -1.55 -0.11 -1.42  0.24  3.27  2.51 -1.56 -1.87  0.07  0.38  2.97 -2.24 -0.31 -3.02 -0.73  0.35  0.58 -2.61 -0.50  3.58 -2.47 -0.51 -1.31 -0.56 
-0.50  1.25  0.41 -1.57  0.00 -0.88 -0.19 -2.05  1.00 -1.13  0.01  2.04 -3.34 -0.18  0.47  0.85 -1.16 -2.47  1.28 -2.10 -0.20  0.78 -1.21 -0.42 -2.41  0.70 -1.04  0.41 -0.03 -0.52 -1.53 -3.08 -2.27 -2.65  1.48 -1.78  2.20 -1.84  1.37 -0.01 -1.10  0.58  1.28  0.58 -0.33  0.28 -0.77  3.01  0.67  1.61 
-0.48 -0.53  1.34 -0.52 -0.88  0.00  0.67 -0.08 -0.63 -2.75  1.15 -3.85 -3.32  1.43 -1.24 -1.71  0.68 -1.36  1.73  2.51 -0.16 -1.13 -1.21 -1.55 -0.67  1.13 -0.24  0.29  0.67 -0.81  1.66  1.24 -2.16  0.34  0.67  0.65 -0.78  0.96  1.92  4.67 -2.25 -2.11 -0.85 -0.11 -0.10  0.46  0.52  4.04  2.50 -1.51 
-0.08  1.32 -0.07  2.07 -0.19  0.67  0.00 -0.80 -0.35 -1.15 -1.34 -2.17 -1.61 -2.15  0.65 -1.28  0.50  1.46  3.61 -0.28  0.41 -1.40  1.06  0.29  1.55  4.50 -1.90  0.38 -0.54  0.17 -1.17 -3.55  2.33 -1.70  0.31  0.17 -0.71  2.02 -0.42  5.04  3.37  1.63 -0.82 -2.05  1.52  2.61 -2.34 -2.67 -0.66 -0.34 
-1.43 -1.37 -1.08 -2.27 -2.05 -0.08 -0.80  0.00  0.38  0.75  1.24  0.87 -2.68  3.68 -0.07 -0.76  0.11 -0.40 -1.32  2.71 -3.37  1.03  0.87 -0.05  0.85 -0.16  0.66 -0.16  1.16  0.05 -0.78 -1.58  1.75  1.79 -3.70  2.44 -0.71  0.51 -0.17  0.66 -2.00  0.04 -1.83  0.79 -1.29 -3.39 -0.75 -1.57  1.29  0.32 
-1.32 -0.47  0.16 -1.75  1.00 -0.63 -0.35  0.38  0.00  1.84  2.19 -1.78 -0.62 -0.26 -1.21 -0.50  0.32  0.19 -1.10 -1.54 -0.96  2.23  1.41  0.17 -0.78 -2.30 -1.73 -1.51 -2.49  1.44 -3.81 -0.70 -3.15  2.93 -1.09  0.58 -0.48  0.26  0.59 -1.40 -0.31 -1.52  0.28 -3.01  1.20  1.18  0.49  0.01 -2.45 -0.76 
 0.47 -1.24  1.98  0.40 -1.13 -2.75 -1.15  0.75  1.84  0.00  1.44  0.52 -0.85 -0.95 -3.45  1.53 -0.28 -1.58  2.13 -1.86  0.25  2.26 -0.43 -1.20 -0.40  0.12 -1.52 -1.90 -1.65  0.73 -0.40 -0.55  0.29  4.31 -1.18  0.09  1.28  1.84  1.17  0.15 -3.94  3.05 -2.55  2.07 -0.39 -1.51 -0.36  2.14 -0.36 -1.12 
-1.00  1.28 -0.92 -1.73  0.01  1.15 -1.34  1.24  2.19  1.44  0.00 -0.83 -2.86 -3.31 -1.62 -1.62  4.44  1.44  1.90  1.91 -3.24  0.26 -1.58  0.72 -0.65  1.37 -3.07  1.51 -0.68  1.38  0.08 -0.67 -1.67 -0.87 -0.17  0.45 -1.22  0.26 -0.08  1.75 -1.11  2.80  1.98  2.16  1.33 -0.54  1.32  0.05 -0.12 -2.82 
 1.37  2.47  1.94  3.27  2.04 -3.85 -2.17  0.87 -1.78  0.52 -0.83  0.00 -1.47 -2.29  2.47 -0.64  0.68 -0.35  1.58  0.92  1.26  2.17  0.36 -0.15 -0.67  3.85  0.06  2.75  1.86  1.40  0.98  1.04 -0.22  1.74  2.84  0.21  0.28  2.14  0.91 -1.59 -1.18  2.69 -1.21 -1.22  1.57 -0.38 -0.97  1.88  0.39  1.43 
 0.29 -0.17  0.95 -1.02 -3.34 -3.32 -1.61 -2.68 -0.62 -0.85 -2.86 -1.47  0.00  0.32 -0.48  0.49  0.38  0.78 -1.58 -0.55 -1.27 -1.32  0.62 -0.62  1.71  0.28  1.69 -0.49 -0.85  1.43  0.96 -2.16 -0.86 -0.81 -0.80  0.84 -3.53  1.57 -1.17  2.02 -4.89  0.93 -1.39 -2.68  0.38  0.94  0.72 -1.27 -1.86 -3.14 
 2.90  0.61 -1.31 -0.68 -0.18  1.43 -2.15  3.68 -0.26 -0.95 -3.31 -2.29  0.32  0.00  1.88  1.74 -0.23 -1.34  0.83 -0.90 -0.57 -1.91 -1.52 -0.27 -1.20  0.12  1.41  1.60 -1.51  1.80 -1.69  0.19 -0.02 -1.73 -2.73 -0.49  0.03 -3.27 -3.70  0.93 -0.78  1.50 -0.56 -0.42 -0.18  1.26  0.63 -0.01  1.84  0.14 
 4.81  0.41  0.05  1.23  0.47 -1.24  0.65 -0.07 -1.21 -3.45 -1.62  2.47 -0.48  1.88  0.00  4.96 -2.37  0.06  1.77 -0.27 -0.87 -0.89  0.88 -1.00  3.69 -1.17  2.76 -1.16 -1.53  1.29 -2.28  1.38  1.13 -0.52 -2.58 -0.90 -1.56 -1.79  2.94 -0.08 -4.54  6.58  0.27  1.48 -3.45 -0.38 -1.10  2.47  0.64  0.97 
 1.52  0.07 -0.91  0.21  0.85 -1.71 -1.28 -0.76 -0.50  1.53 -1.62 -0.64  0.49  1.74  4.96  0.00 -1.05 -1.30  1.01 -0.32 -1.69  1.19 -0.35 -0.34  0.59 -0.49  3.16  1.61  0.42 -3.11 -0.80  1.42  0.46  1.44 -1.17  0.54 -0.84  1.24  0.88  0.87  2.28  0.84 -1.03  0.63  1.65  2.22 -1.24 -1.61  2.40  0.80 
 0.72  0.00  2.53 -1.98 -1.16  0.68  0.50  0.11  0.32 -0.28  4.44  0.68  0.38 -0.23 -2.37 -1.05  0.00  0.43  1.66  0.09  1.28  1.91 -1.21  1.45 -0.38 -1.66  4.48 -0.40 -0.85  0.99  1.29  2.19 -0.44 -1.00  2.01  0.23  2.78  0.46 -1.95 -2.46  0.29 -1.27 -1.82  1.43 -0.51 -2.65  0.18  1.94  1.72  1.27 
 1.37 -1.44 -0.45  1.18 -2.47 -1.36  1.46 -0.40  0.19 -1.58  1.44 -0.35  0.78 -1.34  0.06 -1.30  0.43  0.00  1.15  0.98  1.86  0.13 -0.13 -0.27  0.25 -2.45  2.06  2.39  1.77 -0.14  0.30  1.46 -0.24 -1.50  0.04 -0.84 -0.34  1.57 -1.35  3.93  0.75 -0.71 -0.87  2.59 -0.35  1.13 -2.36  5.34  2.20  0.37 
-3.47 -0.23  2.55 -0.00  1.28  1.73  3.61 -1.32 -1.10  2.13  1.90  1.58 -1.58  0.83  1.77  1.01  1.66  1.15  0.00  0.21 -2.07  0.16 -0.08  1.75 -1.66  0.20 -1.46 -0.08 -0.79  1.76  0.77 -0.35 -0.38  0.94  1.11 -1.23 -0.73 -1.05  1.20 -3.52  0.89  1.75 -1.48 -2.30 -0.52 -1.24  0.02 -3.20 -1.86 -0.44 
 0.27 -0.17  0.44  1.54 -2.10  2.51 -0.28  2.71 -1.54 -1.86  1.91  0.92 -0.55 -0.90 -0.27 -0.32  0.09  0.98  0.21  0.00 -0.83 -1.22 -1.24 -0.11  1.24 -1.34  2.31 -1.35  1.57  1.51 -1.89 -1.07 -0.96 -1.42 -1.21  2.99 -0.13  2.05 -1.32 -0.50 -0.39 -3.10 -1.12 -1.40  0.11  0.45  0.62  1.73 -1.61  0.46 
-0.04 -1.97  1.31 -1.20 -0.20 -0.16  0.41 -3.37 -0.96  0.25 -3.24  1.26 -1.27 -0.57 -0.87 -1.69  1.28  1.86 -2.07 -0.83  0.00  2.11 -0.80 -2.44 -0.71 -1.47  1.53 -0.49  3.63 -2.00 -0.10  0.28  1.46 -0.19 -0.53 -0.70 -0.85 -2.72 -0.85  2.21 -1.40  1.25  0.77 -2.42 -0.73 -0.32 -0.48  1.44 -1.34  1.55 
-0.11 -0.06  1.14 -3.30  0.78 -1.13 -1.40  1.03  2.23  2.26  0.26  2.17 -1.32 -1.91 -0.89  1.19  1.91  0.13  0.16 -1.22  2.11  0.00 -1.39  0.31 -1.67  1.63 -0.27  0.77 -0.74 -0.69 -0.54  0.60  0.29 -1.27 -0.14 -0.28  0.21 -1.30  1.47 -2.38 -1.48  1.40 -1.93 -4.06 -3.16  0.04 -0.33 -0.48 -0.27 -1.51 
 0.65 -1.00 -0.27  1.30 -1.21 -1.21  1.06  0.87  1.41 -0.43 -1.58  0.36  0.62 -1.52  0.88 -0.35 -1.21 -0.13 -0.08 -1.24 -0.80 -1.39  0.00 -0.23  0.19  1.97  1.74 -0.61 -2.37  0.27  0.05 -0.90 -2.71 -1.04 -2.05 -0.55  1.17 -0.77 -0.61 -1.48  2.31 -0.82  1.43 -0.16  0.09  0.01 -2.22  0.14 -1.93  0.44 
 1.34 -0.19  0.76  2.42 -0.42 -1.55  0.29 -0.05  0.17 -1.20  0.72 -0.15 -0.62 -0.27 -1.00 -0.34  1.45 -0.27  1.75 -0.11 -2.44  0.31 -0.23  0.00  3.01 -1.01  1.09 -0.27  0.73 -0.26 -2.63 -0.01  2.85  1.99 -2.35 -0.33 -0.48  0.33  2.74 -0.95  1.21 -1.17 -0.86 -0.37  3.51  2.31 -0.98 -0.32 -0.48  1.73 
 0.36 -0.22 -0.10  0.34 -2.41 -0.67  1.55  0.85 -0.78 -0.40 -0.65 -0.67  1.71 -1.20  3.69  0.59 -0.38  0.25 -1.66  1.24 -0.71 -1.67  0.19  3.01  0.00 -0.94  1.24  0.27  2.46 -0.70 -1.27 -1.78 -0.16  2.81 -1.21  1.23  2.35 -0.56  0.56  0.92 -0.48 -1.15 -1.16 -3.19  1.10 -0.48  0.76 -1.65  1.63 -0.13 
-0.52  0.64  1.40 -0.24  0.70  1.13  4.50 -0.16 -2.30  0.12  1.37  3.85  0.28  0.12 -1.17 -0.49 -1.66 -2.45  0.20 -1.34 -1.47  1.63  1.97 -1.01 -0.94  0.00  2.97  1.05 -1.14  0.98  3.14 -0.74  0.04 -0.57  2.07  0.28 -0.77  0.77  0.57 -3.54  1.14 -0.54 -2.19 -1.30 -0.97 -0.33 -2.16 -1.75 -0.58  1.19 
 2.92  1.03 -1.33 -1.55 -1.04 -0.24 -1.90  0.66 -1.73 -1.52 -3.07  0.06  1.69  1.41  2.76  3.16  4.48  2.06 -1.46  2.31  1.53 -0.27  1.74  1.09  1.24  2.97  0.00 -0.42  0.95  0.25 -0.94 -2.19  0.70  1.19 -1.92 -1.72 -1.93 -2.23  0.53  0.10  1.79 -1.64 -2.34 -1.07 -0.87  0.09  0.54  1.96 -0.06  1.46 
-0.99  0.91  0.90 -0.11  0.41  0.29  0.38 -0.16 -1.51 -1.90  1.51  2.75 -0.49  1.60 -1.16  1.61 -0.40  2.39 -0.08 -1.35 -0.49  0.77 -0.61 -0.27  0.27  1.05 -0.42  0.00  0.05 -0.70  2.91 -1.13  0.00  0.72 -0.64  0.22 -0.88 -1.14  2.70  2.85  0.57  2.20 -2.17 -2.73  1.00 -0.51  1.26  1.08  0.26  0.48 
 0.06  0.58  1.51 -1.42 -0.03  0.67 -0.54  1.16 -2.49 -1.65 -0.68  1.86 -0.85 -1.51 -1.53  0.42 -0.85  1.77 -0.79  1.57  3.63 -0.74 -2.37  0.73  2.46 -1.14  0.95  0.05  0.00 -0.48 -6.78 -1.66 -0.54  1.53 -0.16 -0.00 -1.17 -0.80 -0.21  1.87  0.31  2.77 -1.08  0.66 -0.66 -0.28  2.57  0.94 -0.41  0.50 
-0.54 -0.24 -0.17  0.24 -0.52 -0.81  0.17  0.05  1.44  0.73  1.38  1.40  1.43  1.80  1.29 -3.11  0.99 -0.14  1.76  1.51 -2.00 -0.69  0.27 -0.26 -0.70  0.98  0.25 -0.70 -0.48  0.00 -4.44  3.80  1.08 -0.58  3.07  0.04 -1.02 -1.79 -0.27 -2.42  0.14 -2.92 -0.39  0.87 -0.05 -0.38 -0.67  2.87  0.50  0.42 
 3.36 -0.51 -1.82  3.27 -1.53  1.66 -1.17 -0.78 -3.81 -0.40  0.08  0.98  0.96 -1.69 -2.28 -0.80  1.29  0.30  0.77 -1.89 -0.10 -0.54  0.05 -2.63 -1.27  3.14 -0.94  2.91 -6.78 -4.44  0.00 -1.29 -1.02  0.62 -3.17 -0.32  0.27  1.64  1.78 -1.12 -1.37 -2.11  1.75 -5.30  1.58 -0.08 -0.57  2.28 -0.93 -0.90 
-1.70  3.67  0.77  2.51 -3.08  1.24 -3.55 -1.58 -0.70 -0.55 -0.67  1.04 -2.16  0.19  1.38  1.42  2.19  1.46 -0.35 -1.07  0.28  0.60 -0.90 -0.01 -1.78 -0.74 -2.19 -1.13 -1.66  3.80 -1.29  0.00  0.26  2.75 -0.71  1.43  1.83  1.89 -3.25  1.73 -1.60  1.38 -0.37 -2.89  3.38  0.94  2.17  3.45 -0.91 -1.44 
 0.65  1.24  0.69 -1.56 -2.27 -2.16  2.33  1.75 -3.15  0.29 -1.67 -0.22 -0.86 -0.02  1.13  0.46 -0.44 -0.24 -0.38 -0.96  1.46  0.29 -2.71  2.85 -0.16  0.04  0.70  0.00 -0.54  1.08 -1.02  0.26  0.00  0.80 -1.88 -1.12  1.26 -1.94  2.68 -2.63 -0.93  0.99 -0.81 -0.46  0.47 -3.37  0.16 -0.78  3.73  0.29 
-1.80  0.89 -1.86 -1.87 -2.65  0.34 -1.70  1.79  2.93  4.31 -0.87  1.74 -0.81 -1.73 -0.52  1.44 -1.00 -1.50  0.94 -1.42 -0.19 -1.27 -1.04  1.99  2.81 -0.57  1.19  0.72  1.53 -0.58  0.62  2.75  0.80  0.00  0.30  1.43 -0.43  0.02 -0.47  1.80 -2.08  4.07  0.92 -1.40  0.49  0.33  2.34  1.70 -2.25  1.02 
-0.80  1.63  1.92  0.07  1.48  0.67  0.31 -3.70 -1.09 -1.18 -0.17  2.84 -0.80 -2.73 -2.58 -1.17  2.01  0.04  1.11 -1.21 -0.53 -0.14 -2.05 -2.35 -1.21  2.07 -1.92 -0.64 -0.16  3.07 -3.17 -0.71 -1.88  0.30  0.00 -3.38  2.53 -0.73 -2.47 -1.21  3.93 -0.00 -4.68  5.21 -0.20  0.12  0.25  1.26 -0.30  0.27 
 0.99 -1.55 -0.07  0.38 -1.78  0.65  0.17  2.44  0.58  0.09  0.45  0.21  0.84 -0.49 -0.90  0.54  0.23 -0.84 -1.23  2.99 -0.70 -0.28 -0.55 -0.33  1.23  0.28 -1.72  0.22 -0.00  0.04 -0.32  1.43 -1.12  1.43 -3.38  0.00 -2.09 -4.66 -0.89  0.20 -2.26  2.26 -1.77 -1.80 -0.37 -1.47  1.97  0.86 -2.06  0.47 
-0.20  0.41  1.01  2.97  2.20 -0.78 -0.71 -0.71 -0.48  1.28 -1.22  0.28 -3.53  0.03 -1.56 -0.84  2.78 -0.34 -0.73 -0.13 -0.85  0.21  1.17 -0.48  2.35 -0.77 -1.93 -0.88 -1.17 -1.02  0.27  1.83  1.26 -0.43  2.53 -2.09  0.00 -0.22  2.89 -2.17 -3.45  0.78 -1.33  1.56  2.45 -1.06  2.17  0.64  1.19 -2.15 
-2.22 -0.95 -1.84 -2.24 -1.84  0.96  2.02  0.51  0.26  1.84  0.26  2.14  1.57 -3.27 -1.79  1.24  0.46  1.57 -1.05  2.05 -2.72 -1.30 -0.77  0.33 -0.56  0.77 -2.23 -1.14 -0.80 -1.79  1.64  1.89 -1.94  0.02 -0.73 -4.66 -0.22  0.00 -0.70 -2.73  0.37 -0.93  0.28 -2.66  2.24  2.98 -0.39  1.10  1.04 -2.24 
-1.89  0.38  0.31 -0.31  1.37  1.92 -0.42 -0.17  0.59  1.17 -0.08  0.91 -1.17 -3.70  2.94  0.88 -1.95 -1.35  1.20 -1.32 -0.85  1.47 -0.61  2.74  0.56  0.57  0.53  2.70 -0.21 -0.27  1.78 -3.25  2.68 -0.47 -2.47 -0.89  2.89 -0.70  0.00 -0.85  0.57  0.68 -0.12  1.31 -1.46 -0.24 -0.46 -1.74  0.89 -1.90 
 1.87 -3.37  1.30 -3.02 -0.01  4.67  5.04  0.66 -1.40  0.15  1.75 -1.59  2.02  0.93 -0.08  0.87 -2.46  3.93 -3.52 -0.50  2.21 -2.38 -1.48 -0.95  0.92 -3.54  0.10  2.85  1.87 -2.42 -1.12  1.73 -2.63  1.80 -1.21  0.20 -2.17 -2.73 -0.85  0.00  1.82 -1.03 -2.72  2.59  0.51 -1.19  0.63 -0.79 -2.26  0.51 
 0.01 -3.75  0.24 -0.73 -1.10 -2.25  3.37 -2.00 -0.31 -3.94 -1.11 -1.18 -4.89 -0.78 -4.54  2.28  0.29  0.75  0.89 -0.39 -1.40 -1.48  2.31  1.21 -0.48  1.14  1.79  0.57  0.31  0.14 -1.37 -1.60 -0.93 -2.08  3.93 -2.26 -3.45  0.37  0.57  1.82  0.00 -3.59  0.79  6.08 -0.37 -0.66  0.96 -1.26 -1.71  4.31 
-0.77  3.07  0.72  0.35  0.58 -2.11  1.63  0.04 -1.52  3.05  2.80  2.69  0.93  1.50  6.58  0.84 -1.27 -0.71  1.75 -3.10  1.25  1.40 -0.82 -1.17 -1.15 -0.54 -1.64  2.20  2.77 -2.92 -2.11  1.38  0.99  4.07 -0.00  2.26  0.78 -0.93  0.68 -1.03 -3.59  0.00  0.53  0.91  0.19  0.87 -1.63  2.25 -2.00  2.74 
-0.01  0.72  0.01  0.58  1.28 -0.85 -0.82 -1.83  0.28 -2.55  1.98 -1.21 -1.39 -0.56  0.27 -1.03 -1.82 -0.87 -1.48 -1.12  0.77 -1.93  1.43 -0.86 -1.16 -2.19 -2.34 -2.17 -1.08 -0.39  1.75 -0.37 -0.81  0.92 -4.68 -1.77 -1.33  0.28 -0.12 -2.72  0.79  0.53  0.00  0.25  2.47  0.92  0.27  1.24  0.60 -0.93 
-0.92  1.99 -3.45 -2.61  0.58 -0.11 -2.05  0.79 -3.01  2.07  2.16 -1.22 -2.68 -0.42  1.48  0.63  1.43  2.59 -2.30 -1.40 -2.42 -4.06 -0.16 -0.37 -3.19 -1.30 -1.07 -2.73  0.66  0.87 -5.30 -2.89 -0.46 -1.40  5.21 -1.80  1.56 -2.66  1.31  2.59  6.08  0.91  0.25  0.00 -2.22  1.41 -2.17 -3.61  1.14  4.96 
-1.14  1.59  0.91 -0.50 -0.33 -0.10  1.52 -1.29  1.20 -0.39  1.33  1.57  0.38 -0.18 -3.45  1.65 -0.51 -0.35 -0.52  0.11 -0.73 -3.16  0.09  3.51  1.10 -0.97 -0.87  1.00 -0.66 -0.05  1.58  3.38  0.47  0.49 -0.20 -0.37  2.45  2.24 -1.46  0.51 -0.37  0.19  2.47 -2.22  0.00  2.30 -0.55  1.53 -0.98  0.07 
 1.09  0.73  0.22  3.58  0.28  0.46  2.61 -3.39  1.18 -1.51 -0.54 -0.38  0.94  1.26 -0.38  2.22 -2.65  1.13 -1.24  0.45 -0.32  0.04  0.01  2.31 -0.48 -0.33  0.09 -0.51 -0.28 -0.38 -0.08  0.94 -3.37  0.33  0.12 -1.47 -1.06  2.98 -0.24 -1.19 -0.66  0.87  0.92  1.41  2.30  0.00  0.79  2.23  0.80  0.40 
 0.11 -1.26  0.14 -2.47 -0.77  0.52 -2.34 -0.75  0.49 -0.36  1.32 -0.97  0.72  0.63 -1.10 -1.24  0.18 -2.36  0.02  0.62 -0.48 -0.33 -2.22 -0.98  0.76 -2.16  0.54  1.26  2.57 -0.67 -0.57  2.17  0.16  2.34  0.25  1.97  2.17 -0.39 -0.46  0.63  0.96 -1.63  0.27 -2.17 -0.55  0.79  0.00  1.64 -0.23  0.53 
-1.77  3.56 -2.93 -0.51  3.01  4.04 -2.67 -1.57  0.01  2.14  0.05  1.88 -1.27 -0.01  2.47 -1.61  1.94  5.34 -3.20  1.73  1.44 -0.48  0.14 -0.32 -1.65 -1.75  1.96  1.08  0.94  2.87  2.28  3.45 -0.78  1.70  1.26  0.86  0.64  1.10 -1.74 -0.79 -1.26  2.25  1.24 -3.61  1.53  2.23  1.64  0.00 -1.78  1.28 
-1.06  0.06  1.70 -1.31  0.67  2.50 -0.66  1.29 -2.45 -0.36 -0.12  0.39 -1.86  1.84  0.64  2.40  1.72  2.20 -1.86 -1.61 -1.34 -0.27 -1.93 -0.48  1.63 -0.58 -0.06  0.26 -0.41  0.50 -0.93 -0.91  3.73 -2.25 -0.30 -2.06  1.19  1.04  0.89 -2.26 -1.71 -2.00  0.60  1.14 -0.98  0.80 -0.23 -1.78  0.00 -2.89 
-0.71  1.76  0.55 -0.56  1.61 -1.51 -0.34  0.32 -0.76 -1.12 -2.82  1.43 -3.14  0.14  0.97  0.80  1.27  0.37 -0.44  0.46  1.55 -1.51  0.44  1.73 -0.13  1.19  1.46  0.48  0.50  0.42 -0.90 -1.44  0.29  1.02  0.27  0.47 -2.15 -2.24 -1.90  0.51  4.31  2.74 -0.93  4.96  0.07  0.40  0.53  1.28 -2.89  0.00 
0: 58.00
1: 55.58
2: 53.29
3: 68.85
4: 59.04
5: 64.24
6: 69.39
7: 59.75
8: 58.78
9: 65.49
10: 68.13
11: 70.88
12: 66.96
13: 60.98
14: 81.74
15: 59.79
16: 62.16
17: 59.42
18: 64.09
19: 56.80
20: 61.63
21: 57.31
22: 47.84
23: 52.04
24: 55.48
25: 62.45
26: 72.10
27: 50.98
28: 59.38
29: 53.78
30: 80.26
31: 78.02
32: 57.88
33: 69.20
34: 74.21
35: 53.60
36: 63.50
37: 71.24
38: 59.86
39: 86.36
40: 83.73
41: 80.81
42: 57.71
43: 98.67
44: 54.96
45: 53.17
46: 50.24
47: 85.77
48: 61.82
49: 59.81

