(12, 22) (10, 40) (13, 42) (4, 45) (3, 25) (16, 45) (6, 9) (10, 43) (18, 44) (13, 46) (18, 46) (33, 48) (13, 17) (11, 41) (9, 21) (34, 47) (31, 40) (31, 35) (15, 34) (15, 44) (22, 25) (7, 48) (34, 38) (13, 28) (30, 40) (39, 40) (14, 48) (13, 48) (14, 19) (18, 49) (7, 46) (28, 30) (1, 8) (12, 40) (3, 40) (29, 44) (17, 30) (6, 42) (4, 37) (6, 22) (8, 47) (14, 35) (18, 43) (34, 40) (4, 46) (32, 44) (37, 44) (0, 33) (0, 14) (3, 38) (23, 31) (36, 48) (34, 39) (28, 32) (20, 47) (16, 35) (16, 44) (33, 38) (16, 36) (40, 49) (14, 49) (2, 29) (14, 39) (32, 39) (17, 48) (21, 48) (20, 43) (18, 47) (7, 43) (1, 28) (28, 47) (9, 14) (34, 48) (2, 26) (20, 48) (4, 33) (10, 12) (30, 31) (38, 43) (6, 15) (2, 41) (12, 46) (24, 43) (2, 25) (20, 40) (4, 40) (12, 36) (31, 33) (6, 37) (40, 43) (9, 46) (13, 34) (33, 40) (31, 37) (0, 48) (23, 30) (37, 40) (13, 27) (14, 28) (17, 47) (33, 39) (28, 29) (12, 37) (6, 18) (33, 49) (20, 37) (10, 33) (8, 28) (14, 29) (38, 47) (13, 39) (9, 40) (5, 12) (2, 43) (1, 40) (19, 48) (4, 47) (28, 46) (41, 43) (28, 44) (27, 33) (30, 41) (43, 46) 
 0.00 -3.11  0.66 -1.32 -7.78 -3.34  2.49 -5.30  0.27  2.97 -1.88 -0.55  0.30 -1.63 10.04  2.96  4.03  3.41 -2.97 -3.60  1.91  2.12  1.82 -0.03 -2.63  4.75 -0.06  1.89  1.90  2.96  1.20 -3.87  3.73 -9.98 -4.95 -2.79  0.38 -2.07 -2.60  4.51 -3.26 -3.68 -7.28  6.93 -2.88  3.80  1.13 -3.99 12.39 -6.68 
-3.11  0.00 -4.18  3.51 -2.57  1.17  6.89  0.30  9.55  3.22 -8.01  5.93  4.03 -0.52  0.60 -1.60 -4.79  1.23 -1.78 -0.76 -3.30  0.80 -1.31 -3.50  1.15  3.49  1.37 -6.12 11.12 -0.02 -1.38 -0.16 -2.93  3.07 -6.62 -7.72  4.57  0.46  3.71  2.52 -14.07  4.25 -0.82  1.66 -0.56 -1.94  8.27 -7.24 -5.67  2.02 
 0.66 -4.18  0.00 -4.38 -1.51  2.76  1.76 -1.32 -5.47  4.21 -4.53  3.18  0.10  3.07  8.28 -3.86  7.65 -1.59 -0.92 -8.64 -1.30  1.59 -5.06  1.26 -4.05 11.84 -11.46  1.81 -1.21 -10.54  7.75  2.45 -0.72  7.35 -0.51 -1.70 -0.64 -1.93 -0.05 -1.50 -2.67 -11.75 -2.02 -14.03 -6.74  3.52 -4.96  1.34  3.62  0.35 
-1.32  3.51 -4.38  0.00 -2.07  3.21  1.09 -8.36 -0.29 -4.10  3.35 -0.21  3.01  0.25  6.80  0.89  5.34 -0.19 -0.12  1.08 -7.98 -4.20  1.16 -0.23 -0.06  8.93  1.13 -0.12 -2.78  3.93  8.54  1.10 -0.52 -7.47  2.91  3.03  0.94 -8.54 10.08  6.80 -9.58 -2.40  1.40 -6.30 -4.90  2.41 -0.01 -1.26  3.07 -6.11 
-7.78 -2.57 -1.51 -2.07  0.00 -3.69  6.77  0.99 -1.51 -5.09 -1.06  4.38  2.62  1.36  2.15 -7.98 -4.48  2.96  3.75 -2.11  1.18  3.21 -1.16 -0.49 -4.20 -3.83  0.15  0.27  4.72 -0.64  0.19 -8.36 -0.83 -11.50 -0.57  7.19  6.37 -9.80 -3.67 -6.78 11.87  3.25 -1.35 -4.18  4.43 -8.92  9.94 14.73  5.15 -3.27 
-3.34  1.17  2.76  3.21 -3.69  0.00  6.41  1.86 -1.35 -6.81 -0.09 -3.83 -14.01  2.34 -1.43  0.38  6.36  0.75  6.03  1.17 -0.16 -5.22 -3.01 -1.06 -1.46 -1.67  0.86 -3.55 -0.82 -6.64 -7.35  3.08 -1.06  1.01  1.42  1.09 -4.66  1.58  6.14  5.48  2.93 -7.89  2.78  2.49  1.51  4.54 -4.39  1.55  3.04 -4.44 
 2.49  6.89  1.76  1.09  6.77  6.41  0.00  4.70 -3.38 -8.93  3.54 -6.80 -2.00 -0.14 -4.62 11.74  3.27  2.37 13.40  1.02  4.25  7.61  9.84  6.08  3.51  3.97 -5.56  4.46  5.21  3.81  5.19 -4.00 -1.62  2.07 -2.11  7.34 -0.04 12.02  0.39  3.77  0.39  0.82 -9.77  4.99 -1.20 -0.31  3.91  5.32  3.64 -7.44 
-5.30  0.30 -1.32 -8.36  0.99  1.86  4.70  0.00 -3.36  0.34 -1.98 -1.81 -2.92  5.53  1.18  2.20  4.02  0.83 -2.87  1.46  4.50 -1.22  1.93  6.60 -0.46  1.00  2.13 -1.57  3.24 -2.58 -2.95 -0.20 -0.60 -4.64 -4.55  1.11 -0.72  0.51 -6.45  2.42  2.40 -2.22  3.35 11.09  0.37 -0.55 -9.48 -1.63 -9.31  1.69 
 0.27  9.55 -5.47 -0.29 -1.51 -1.35 -3.38 -3.36  0.00  2.53 -0.93 -3.25  3.21 -0.55  2.55 -2.82 -0.34 -1.06 -7.62  4.06  2.52  2.03 -0.91  0.32 -6.83 -4.40  0.98  1.73 -13.67  2.55 -4.21  8.01 -5.80  2.72  0.14  1.97  2.47  6.84  2.09 -0.87  0.34  3.97  6.53 -8.22  5.48  4.97 -2.91  9.85 -6.53  3.04 
 2.97  3.22  4.21 -4.10 -5.09 -6.81 -8.93  0.34  2.53  0.00  1.17 -4.40  5.82  1.84 -11.39  4.00 -1.20 -2.07  2.79 -1.61 -5.14 -9.12 -3.61  0.45 -3.43 -0.39 -0.74 -4.14  2.79 -7.87  5.94 -1.15  1.30  5.98 -0.38  5.60  2.26 -1.10  6.54  3.36 -13.99 -1.13 -6.91 -2.73  2.18 -0.91 -12.12 -3.42 -7.38 -5.58 
-1.88 -8.01 -4.53  3.35 -1.06 -0.09  3.54 -1.98 -0.93  1.17  0.00 -3.83 -11.53 -5.14  5.02 -3.65  1.21  3.35  2.34 -7.73  2.04 -6.23 -4.85 -0.89  2.47 -0.41  0.07 -0.17  0.18  4.18  7.85  2.57 -4.90 13.65 -7.95  4.14 -0.87  3.53  3.02 -1.02 -8.84 -3.32  1.00  8.94 -0.87 -1.48  1.38 -2.24 -1.31 -3.53 
-0.55  5.93  3.18 -0.21  4.38 -3.83 -6.80 -1.81 -3.25 -4.40 -3.83  0.00 -7.07 -1.47  4.57 -6.45 -0.17 -1.09 -1.99  2.90  1.29 -1.68  8.39  8.01  1.60  4.22  0.49 -3.98 -2.72 -0.94 -1.67 -6.12  0.12  2.03  4.13 -1.07 -3.81  5.90  1.95  3.52 -0.84  9.06  1.83  6.91  4.69 -0.81 -1.90  7.14 -5.13 -8.36 
 0.30  4.03  0.10  3.01  2.62 -14.01 -2.00 -2.92  3.21  5.82 -11.53 -7.07  0.00  0.15 -2.77  3.10  0.24  7.02  3.71 -4.48 -3.75 -5.55 -8.82  7.04  2.64  3.40 -1.98 -1.16 -4.32  4.28 -3.64 -4.56  8.55  4.36 -0.19 -6.21 -11.96 13.17  0.12  7.65 -9.55  0.86  3.76  6.43  2.30  1.40 -11.77 -6.38 -4.02 -2.42 
-1.63 -0.52  3.07  0.25  1.36  2.34 -0.14  5.53 -0.55  1.84 -5.14 -1.47  0.15  0.00 -4.95  0.12 -2.67  9.05  1.94  0.29 -1.59 -4.82 -0.97 -2.57  4.47  0.32  4.48 12.62 -9.40  3.48  3.20 -0.78  2.86 -0.93 -12.22  1.87  1.11 -2.63 -3.20 -13.97  0.70  2.06  8.86  1.68 -0.21 -3.08  8.95 -4.92  9.45 -3.69 
10.04  0.60  8.28  6.80  2.15 -1.43 -4.62  1.18  2.55 -11.39  5.02  4.57 -2.77 -4.95  0.00 -1.58 -4.32 -1.38 -3.22  9.45  3.12 -0.10  0.71  4.10  3.87 -1.28  5.00 -1.00 12.75 13.75  3.11  2.96  5.99  0.47 -3.10 -9.85 -4.80  7.79  1.03 10.62  0.19 -1.16 -2.39  1.45 -7.30  7.29 -1.44 -7.52 -9.44 -10.54 
 2.96 -1.60 -3.86  0.89 -7.98  0.38 11.74  2.20 -2.82  4.00 -3.65 -6.45  3.10  0.12 -1.58  0.00 -3.47 -0.96  1.62  0.19  1.07  0.47 -2.27 -3.53  0.55  4.91 -4.61 -8.01  4.79 -0.03 -5.89  0.81 -7.84  7.53  9.17  1.51  0.34  3.45  3.33 -6.47  2.07  6.60 -3.81 -6.66  9.20  4.43 -0.07 -0.51 -0.58 -3.27 
 4.03 -4.79  7.65  5.34 -4.48  6.36  3.27  4.02 -0.34 -1.20  1.21 -0.17  0.24 -2.67 -4.32 -3.47  0.00 -0.18 -7.11  0.01 -5.67  5.41 -4.72  1.71 -5.82  0.30  2.26  3.92  2.03  6.54  1.80  1.95 -0.30  7.07  1.24 -10.44 10.53  7.43  4.91 -7.69 -1.81 -2.02 -8.15  7.45 10.48 -8.93 -1.49 -4.34 -4.75 -0.58 
 3.41  1.23 -1.59 -0.19  2.96  0.75  2.37  0.83 -1.06 -2.07  3.35 -1.09  7.02  9.05 -1.38 -0.96 -0.18  0.00  5.48  0.33  1.88 -2.68 -1.50  5.09  0.94  0.18  5.74 -0.67 -0.92 -0.07 -9.72 -2.26  1.70 -0.12  3.71  2.48 -1.37 -4.30 -2.15 -1.70  5.45  0.70  2.91  1.58 -0.82 -1.00 -2.69 12.84 10.65 -4.46 
-2.97 -1.78 -0.92 -0.12  3.75  6.03 13.40 -2.87 -7.62  2.79  2.34 -1.99  3.71  1.94 -3.22  1.62 -7.11  5.48  0.00  5.41  5.06  0.66  3.39  1.84 -1.70  2.27  0.41 -3.90  1.68  4.40 -0.98 -2.11  4.26  7.78  7.10  0.40 -0.78 -0.41  1.19 -1.05 -7.17  0.61  5.87 -9.90 -8.95 -5.46 -8.97 10.96 -6.80  9.47 
-3.60 -0.76 -8.64  1.08 -2.11  1.17  1.02  1.46  4.06 -1.61 -7.73  2.90 -4.48  0.29  9.45  0.19  0.01  0.33  5.41  0.00 -3.35  0.99 -2.44  2.33  1.52 -3.75 -2.51 -0.52  4.96 -1.61  2.70  6.45  4.28 -2.25 -8.36  1.42  0.61 -1.09  3.48 -4.20  2.28 -6.12  0.80  3.54  3.09 -2.02  0.48  0.85 -14.56 -1.12 
 1.91 -3.30 -1.30 -7.98  1.18 -0.16  4.25  4.50  2.52 -5.14  2.04  1.29 -3.75 -1.59  3.12  1.07 -5.67  1.88  5.06 -3.35  0.00  2.40  0.75 -4.30  4.97  2.03  7.83 -5.68  6.02 -5.45 -0.95  0.93  1.07 -5.77 -0.91 -8.08  5.16 -13.58 -7.62  1.22 -11.86  2.14 -8.47 -10.88  2.73  8.22  0.67 -10.43 11.49  1.40 
 2.12  0.80  1.59 -4.20  3.21 -5.22  7.61 -1.22  2.03 -9.12 -6.23 -1.68 -5.55 -4.82 -0.10  0.47  5.41 -2.68  0.66  0.99  2.40  0.00 -3.09 -7.28  3.22 -6.91  5.33 -7.08  2.25 -0.74 -3.45 -6.27 -3.60  2.72  7.62 -7.18  4.79 -0.65  4.55  1.22  2.08 -3.11 -1.22 -4.96  3.04  2.41  2.26 -1.73 -10.85  2.21 
 1.82 -1.31 -5.06  1.16 -1.16 -3.01  9.84  1.93 -0.91 -3.61 -4.85  8.39 -8.82 -0.97  0.71 -2.27 -4.72 -1.50  3.39 -2.44  0.75 -3.09  0.00 -3.06  1.45  9.26  4.66  0.63  3.27 -6.92  5.48 -2.80 -3.29  0.54  0.98 -3.85  1.74 -2.98 -4.51  5.15 -1.85 -2.34  3.69 -4.35 -0.12 -5.54 -2.18  3.82  3.38  3.14 
-0.03 -3.50  1.26 -0.23 -0.49 -1.06  6.08  6.60  0.32  0.45 -0.89  8.01  7.04 -2.57  4.10 -3.53  1.71  5.09  1.84  2.33 -4.30 -7.28 -3.06  0.00  5.55 -0.65  3.70 -1.64 -2.03  2.79 -12.42 -10.13  0.21 -2.30 -5.69 -0.93  0.25  0.27  6.58 -2.53  8.27  5.40  1.35  3.28  5.90 -0.12  3.31  5.79 -1.29  4.64 
-2.63  1.15 -4.05 -0.06 -4.20 -1.46  3.51 -0.46 -6.83 -3.43  2.47  1.60  2.64  4.47  3.87  0.55 -5.82  0.94 -1.70  1.52  4.97  3.22  1.45  5.55  0.00 -1.85  0.25 -6.94 -5.75 -2.90  2.97  1.08  4.21 -0.49  5.63  2.52  1.02  0.75  4.71  0.61 -3.20 -1.31 -6.62 -11.78  0.41  0.49 -2.33 -6.40  7.61 -5.34 
 4.75  3.49 11.84  8.93 -3.83 -1.67  3.97  1.00 -4.40 -0.39 -0.41  4.22  3.40  0.32 -1.28  4.91  0.30  0.18  2.27 -3.75  2.03 -6.91  9.26 -0.65 -1.85  0.00  7.99  1.87 -0.30 -2.19 -2.94  2.51  5.45 -8.28  5.42  1.04 -4.87  4.99  3.38 -3.88  6.72  0.47  3.49  7.88  2.34 -0.22  1.80 -8.44 -6.07  4.12 
-0.06  1.37 -11.46  1.13  0.15  0.86 -5.56  2.13  0.98 -0.74  0.07  0.49 -1.98  4.48  5.00 -4.61  2.26  5.74  0.41 -2.51  7.83  5.33  4.66  3.70  0.25  7.99  0.00 -1.47  4.02  3.66  0.86 -5.86  7.08  0.38 -3.09 -1.35 -1.75 -4.55 -8.53 -2.14  2.57  3.20  1.87 -0.79 -3.10  1.60  4.49  5.04  0.47  5.53 
 1.89 -6.12  1.81 -0.12  0.27 -3.55  4.46 -1.57  1.73 -4.14 -0.17 -3.98 -1.16 12.62 -1.00 -8.01  3.92 -0.67 -3.90 -0.52 -5.68 -7.08  0.63 -1.64 -6.94  1.87 -1.47  0.00 -0.99 -1.21 -7.47 -6.38 -1.58 17.75  1.47 -0.18  0.23 -4.31 -0.55 -4.68  0.84  3.56 -8.18 -4.89  5.84 -3.48 -4.51  7.70  7.12  2.17 
 1.90 11.12 -1.21 -2.78  4.72 -0.82  5.21  3.24 -13.67  2.79  0.18 -2.72 -4.32 -9.40 12.75  4.79  2.03 -0.92  1.68  4.96  6.02  2.25  3.27 -2.03 -5.75 -0.30  4.02 -0.99  0.00 -13.04 -9.54  6.28 10.37 -6.51  6.81  7.86  4.09 -3.99 -1.23  0.49 -1.30 -1.92 -0.40  6.66 -17.58  1.77 15.30 11.34  5.47  4.48 
 2.96 -0.02 -10.54  3.93 -0.64 -6.64  3.81 -2.58  2.55 -7.87  4.18 -0.94  4.28  3.48 13.75 -0.03  6.54 -0.07  4.40 -1.61 -5.45 -0.74 -6.92  2.79 -2.90 -2.19  3.66 -1.21 -13.04  0.00  1.66 -2.03  2.69 -2.71 -6.62  2.77  7.69 -2.21 -4.34  3.86  6.34 -1.19 -8.55  3.43 -9.60  2.11 -6.69 -5.76 -1.71  1.51 
 1.20 -1.38  7.75  8.54  0.19 -7.35  5.19 -2.95 -4.21  5.94  7.85 -1.67 -3.64  3.20  3.11 -5.89  1.80 -9.72 -0.98  2.70 -0.95 -3.45  5.48 -12.42  2.97 -2.94  0.86 -7.47 -9.54  1.66  0.00 11.54  5.91 -6.34 -5.90 -0.16  2.75  6.61  7.70  7.98  9.42 18.60 -2.34  1.25 -5.07 -3.53 -2.57  7.01 -8.61 -1.75 
-3.87 -0.16  2.45  1.10 -8.36  3.08 -4.00 -0.20  8.01 -1.15  2.57 -6.12 -4.56 -0.78  2.96  0.81  1.95 -2.26 -2.11  6.45  0.93 -6.27 -2.80 -10.13  1.08  2.51 -5.86 -6.38  6.28 -2.03 11.54  0.00 -1.29 11.98  0.46  9.17 -1.31 -12.31 -3.58 -3.20  9.14 -2.11  4.82 -4.89  3.44  0.25  6.57  0.81 -8.35  1.35 
 3.73 -2.93 -0.72 -0.52 -0.83 -1.06 -1.62 -0.60 -5.80  1.30 -4.90  0.12  8.55  2.86  5.99 -7.84 -0.30  1.70  4.26  4.28  1.07 -3.60 -3.29  0.21  4.21  5.45  7.08 -1.58 10.37  2.69  5.91 -1.29  0.00 -2.19 -1.68 -0.41 -6.61  1.64 -0.85 -10.62  4.86 -1.22  2.68  2.49 -9.94 -5.31  2.60  0.77  3.41 -3.85 
-9.98  3.07  7.35 -7.47 -11.50  1.01  2.07 -4.64  2.72  5.98 13.65  2.03  4.36 -0.93  0.47  7.53  7.07 -0.12  7.78 -2.25 -5.77  2.72  0.54 -2.30 -0.49 -8.28  0.38 17.75 -6.51 -2.71 -6.34 11.98 -2.19  0.00  4.24 -0.16 -1.75  4.67 -10.50 12.87 -12.23 -6.86  0.49 -1.01 -2.61 -2.21  0.37 -2.64 -9.02 -13.45 
-4.95 -6.62 -0.51  2.91 -0.57  1.42 -2.11 -4.55  0.14 -0.38 -7.95  4.13 -0.19 -12.22 -3.10  9.17  1.24  3.71  7.10 -8.36 -0.91  7.62  0.98 -5.69  5.63  5.42 -3.09  1.47  6.81 -6.62 -5.90  0.46 -1.68  4.24  0.00 -3.60  1.91 -6.29 -9.40 -10.31  9.93  2.01 -3.63 -2.72 -1.20 -2.15 -0.59  9.14 -11.45  5.07 
-2.79 -7.72 -1.70  3.03  7.19  1.09  7.34  1.11  1.97  5.60  4.14 -1.07 -6.21  1.87 -9.85  1.51 -10.44  2.48  0.40  1.42 -8.08 -7.18 -3.85 -0.93  2.52  1.04 -1.35 -0.18  7.86  2.77 -0.16  9.17 -0.41 -0.16 -3.60  0.00  2.03  6.22  4.13 -2.91  1.06 -2.72  3.82 -7.96  0.28 -4.80 -0.55 -2.87 -3.90 -2.27 
 0.38  4.57 -0.64  0.94  6.37 -4.66 -0.04 -0.72  2.47  2.26 -0.87 -3.81 -11.96  1.11 -4.80  0.34 10.53 -1.37 -0.78  0.61  5.16  4.79  1.74  0.25  1.02 -4.87 -1.75  0.23  4.09  7.69  2.75 -1.31 -6.61 -1.75  1.91  2.03  0.00  3.74  5.98 -0.21 -1.24  6.83 -2.43  5.35  5.41 -0.28  1.03 -1.15 -10.31 -1.91 
-2.07  0.46 -1.93 -8.54 -9.80  1.58 12.02  0.51  6.84 -1.10  3.53  5.90 13.17 -2.63  7.79  3.45  7.43 -4.30 -0.41 -1.09 -13.58 -0.65 -2.98  0.27  0.75  4.99 -4.55 -4.31 -3.99 -2.21  6.61 -12.31  1.64  4.67 -6.29  6.22  3.74  0.00  3.75 -1.06 12.56 -6.54 -2.69 -2.17  9.98  0.33 -0.14  8.20  6.12  6.83 
-2.60  3.71 -0.05 10.08 -3.67  6.14  0.39 -6.45  2.09  6.54  3.02  1.95  0.12 -3.20  1.03  3.33  4.91 -2.15  1.19  3.48 -7.62  4.55 -4.51  6.58  4.71  3.38 -8.53 -0.55 -1.23 -4.34  7.70 -3.58 -0.85 -10.50 -9.40  4.13  5.98  3.75  0.00 -3.14 -1.62  2.35  2.11 11.71 -3.57 -3.94 -2.15 -13.93 -4.37 -5.11 
 4.51  2.52 -1.50  6.80 -6.78  5.48  3.77  2.42 -0.87  3.36 -1.02  3.52  7.65 -13.97 10.62 -6.47 -7.69 -1.70 -1.05 -4.20  1.22  1.22  5.15 -2.53  0.61 -3.88 -2.14 -4.68  0.49  3.86  7.98 -3.20 -10.62 12.87 -10.31 -2.91 -0.21 -1.06 -3.14  0.00  9.43 -0.93  0.51  2.85 -4.44 -3.64 -5.17 -1.32  0.01 -1.82 
-3.26 -14.07 -2.67 -9.58 11.87  2.93  0.39  2.40  0.34 -13.99 -8.84 -0.84 -9.55  0.70  0.19  2.07 -1.81  5.45 -7.17  2.28 -11.86  2.08 -1.85  8.27 -3.20  6.72  2.57  0.84 -1.30  6.34  9.42  9.14  4.86 -12.23  9.93  1.06 -1.24 12.56 -1.62  9.43  0.00 -6.72 -1.69 12.07  6.59 -2.84  3.98  2.96  6.13 10.53 
-3.68  4.25 -11.75 -2.40  3.25 -7.89  0.82 -2.22  3.97 -1.13 -3.32  9.06  0.86  2.06 -1.16  6.60 -2.02  0.70  0.61 -6.12  2.14 -3.11 -2.34  5.40 -1.31  0.47  3.20  3.56 -1.92 -1.19 18.60 -2.11 -1.22 -6.86  2.01 -2.72  6.83 -6.54  2.35 -0.93 -6.72  0.00  2.68 -17.28  2.34  3.89 -5.23  0.02 -1.96 -5.75 
-7.28 -0.82 -2.02  1.40 -1.35  2.78 -9.77  3.35  6.53 -6.91  1.00  1.83  3.76  8.86 -2.39 -3.81 -8.15  2.91  5.87  0.80 -8.47 -1.22  3.69  1.35 -6.62  3.49  1.87 -8.18 -0.40 -8.55 -2.34  4.82  2.68  0.49 -3.63  3.82 -2.43 -2.69  2.11  0.51 -1.69  2.68  0.00 -4.67  0.53 -0.21 -2.86  1.14  4.88 -3.89 
 6.93  1.66 -14.03 -6.30 -4.18  2.49  4.99 11.09 -8.22 -2.73  8.94  6.91  6.43  1.68  1.45 -6.66  7.45  1.58 -9.90  3.54 -10.88 -4.96 -4.35  3.28 -11.78  7.88 -0.79 -4.89  6.66  3.43  1.25 -4.89  2.49 -1.01 -2.72 -7.96  5.35 -2.17 11.71  2.85 12.07 -17.28 -4.67  0.00  6.33  6.53 -27.11 -0.07  4.38  6.33 
-2.88 -0.56 -6.74 -4.90  4.43  1.51 -1.20  0.37  5.48  2.18 -0.87  4.69  2.30 -0.21 -7.30  9.20 10.48 -0.82 -8.95  3.09  2.73  3.04 -0.12  5.90  0.41  2.34 -3.10  5.84 -17.58 -9.60 -5.07  3.44 -9.94 -2.61 -1.20  0.28  5.41  9.98 -3.57 -4.44  6.59  2.34  0.53  6.33  0.00  3.70 -2.41  2.45  3.04  4.04 
 3.80 -1.94  3.52  2.41 -8.92  4.54 -0.31 -0.55  4.97 -0.91 -1.48 -0.81  1.40 -3.08  7.29  4.43 -8.93 -1.00 -5.46 -2.02  8.22  2.41 -5.54 -0.12  0.49 -0.22  1.60 -3.48  1.77  2.11 -3.53  0.25 -5.31 -2.21 -2.15 -4.80 -0.28  0.33 -3.94 -3.64 -2.84  3.89 -0.21  6.53  3.70  0.00 -1.58 -1.05  6.60  2.42 
 1.13  8.27 -4.96 -0.01  9.94 -4.39  3.91 -9.48 -2.91 -12.12  1.38 -1.90 -11.77  8.95 -1.44 -0.07 -1.49 -2.69 -8.97  0.48  0.67  2.26 -2.18  3.31 -2.33  1.80  4.49 -4.51 15.30 -6.69 -2.57  6.57  2.60  0.37 -0.59 -0.55  1.03 -0.14 -2.15 -5.17  3.98 -5.23 -2.86 -27.11 -2.41 -1.58  0.00 -0.29  3.82 -4.75 
-3.99 -7.24  1.34 -1.26 14.73  1.55  5.32 -1.63  9.85 -3.42 -2.24  7.14 -6.38 -4.92 -7.52 -0.51 -4.34 12.84 10.96  0.85 -10.43 -1.73  3.82  5.79 -6.40 -8.44  5.04  7.70 11.34 -5.76  7.01  0.81  0.77 -2.64  9.14 -2.87 -1.15  8.20 -13.93 -1.32  2.96  0.02  1.14 -0.07  2.45 -1.05 -0.29  0.00 -5.17 -5.98 
12.39 -5.67  3.62  3.07  5.15  3.04  3.64 -9.31 -6.53 -7.38 -1.31 -5.13 -4.02  9.45 -9.44 -0.58 -4.75 10.65 -6.80 -14.56 11.49 -10.85  3.38 -1.29  7.61 -6.07  0.47  7.12  5.47 -1.71 -8.61 -8.35  3.41 -9.02 -11.45 -3.90 -10.31  6.12 -4.37  0.01  6.13 -1.96  4.88  4.38  3.04  6.60  3.82 -5.17  0.00 -1.20 
-6.68  2.02  0.35 -6.11 -3.27 -4.44 -7.44  1.69  3.04 -5.58 -3.53 -8.36 -2.42 -3.69 -10.54 -3.27 -0.58 -4.46  9.47 -1.12  1.40  2.21  3.14  4.64 -5.34  4.12  5.53  2.17  4.48  1.51 -1.75  1.35 -3.85 -13.45  5.07 -2.27 -1.91  6.83 -5.11 -1.82 10.53 -5.75 -3.89  6.33  4.04  2.42 -4.75 -5.98 -1.20  0.00 

(4, 35) (22, 24) (3, 40) (10, 14) (26, 38) (26, 32) (4, 7) (1, 11) (4, 39) (6, 33) (0, 32) (3, 16) (6, 40) (25, 39) (11, 13) (12, 46) (7, 48) (6, 39) (44, 46) (10, 31) (8, 47) (24, 37) (21, 43) (23, 40) (45, 48) (14, 42) (28, 46) (3, 44) (36, 43) (3, 49) (16, 43) (5, 33) (26, 44) (16, 35) (1, 38) (4, 19) (32, 38) (3, 10) (7, 41) (6, 47) (15, 29) (13, 47) (7, 30) (10, 13) (10, 46) (35, 41) (21, 31) (9, 48) (16, 23) (0, 27) (23, 33) (26, 39) (12, 36) (8, 35) (6, 35) (25, 49) (4, 44) (10, 35) (13, 30) (15, 40) (30, 31) (33, 46) (29, 41) (30, 36) (9, 30) (12, 37) (24, 33) (29, 48) (11, 42) (11, 12) (21, 28) (5, 39) (14, 40) (15, 49) (40, 49) (10, 48) (8, 49) (29, 33) (16, 40) (12, 16) (14, 24) (17, 47) (4, 30) (16, 33) (19, 35) (9, 10) (18, 34) (23, 34) (40, 45) (14, 36) (30, 38) (40, 48) (16, 44) (8, 39) (32, 35) (5, 18) (43, 48) (35, 48) (13, 38) (22, 30) (13, 43) (10, 33) (4, 12) (13, 20) (36, 39) (10, 49) (8, 43) (38, 39) (18, 43) (43, 46) (21, 41) (5, 47) (30, 40) (41, 47) (29, 49) (14, 47) (23, 38) (14, 35) (26, 30) (14, 49) (31, 37) (28, 30) (33, 39) 
 0.00 -3.26  1.49  1.23 -1.33  5.56  2.48  1.68 -4.05  1.59 -2.20 -6.78  1.42 -2.16  0.01 -0.54  0.98 -0.51 -3.21  0.56  4.40  2.43  0.08  1.80 -4.46  2.37  0.92 -9.46 -0.43  1.91  7.64 -5.60  8.53 -1.10  0.09 -6.15 -1.22  1.80  6.57  1.49 -0.56  3.85  1.45  4.51 -2.22 -4.03  3.71 -7.21 -1.74  5.87 
-3.26  0.00 -3.33  0.63 -0.17  0.68 -4.16 -5.69 -2.70 -0.28  5.28  8.46  2.14 -4.78  0.33  0.66 -0.21  4.45 -2.70  3.62 -3.47 -4.33  0.51 -3.19 -0.65 -1.96  6.33  7.05  2.55 -4.54  0.22 -5.55 -6.67  2.74 -2.65 -1.64  2.23  0.47 -9.15 -2.83  4.30 -4.32 -3.38 -3.82 -1.91  0.63 -2.76  1.98 -3.29  1.47 
 1.49 -3.33  0.00 -0.93  0.43  0.23  2.05 -2.47  3.05 -1.01 -1.73  4.39  3.68  4.48  0.56 -0.83  7.22 -1.68  6.36  1.97  1.95  1.00 -1.86 -3.09 -6.41  5.37 -1.40  0.70  6.30 -0.68  6.32 -4.49 -4.55  2.15  6.84  4.40  3.97  1.07  0.13  0.70  3.00 -3.88 -2.98 -4.18  0.40  0.48 -1.49 -2.80 -5.60  7.73 
 1.23  0.63 -0.93  0.00  7.85 -3.19  3.96  1.25  2.44 -3.78 -9.18 -4.29  0.30  2.26  5.11  2.47 -8.54  0.33 -5.63  2.39 -0.78 -4.36 -1.36  1.04 -3.35  2.11  0.92 -1.91  5.73  2.09  7.65  3.53 -0.77 -8.24  2.45 -6.36  7.68 -7.06  0.16  1.58 -8.37 -1.35  7.43 -1.03 -8.99  4.29 -5.75  5.37  7.75 -9.04 
-1.33 -0.17  0.43  7.85  0.00  0.51  1.90 -8.46 -0.77 -0.64 -0.11 -0.53 -12.03 -1.48 -0.57 -2.28 -2.46 -4.07 -0.81 -9.16  2.44 -3.29 -3.81  1.77  3.68  4.72 -2.43  2.54  5.69 -2.02 10.78 -1.99 -3.65 -0.59  0.89  8.27 -5.31 -1.43 -4.02 -8.51  5.13 -2.88 -5.16  0.83 -9.83 -3.12  0.17 -2.98 -1.45  2.61 
 5.56  0.68  0.23 -3.19  0.51  0.00 -0.30  1.23 -1.87  0.77  7.67 -0.78 -6.07  2.18 -0.73 -2.33  1.10 -0.92 11.56  4.03 -7.73 -6.27 -0.10 -6.04  2.08  6.64 -0.73  1.65 -4.53 -1.77  2.79  3.67 -0.52 -9.07 -1.19  3.45  0.41  7.52  1.66 10.23 -3.46 -6.06 -2.33  6.05 -1.21 -1.58 -4.34 13.32  1.80 -2.71 
 2.48 -4.16  2.05  3.96  1.90 -0.30  0.00  0.81 -1.84  2.44 -5.17 -3.04 -3.36  1.04  4.41  6.81 -2.45  2.47  3.98 -2.25 -1.03 -4.76 -1.87  3.93 -5.59 -2.56  3.01 -1.61 -3.77  2.16 -7.64 -4.49 -0.25 -8.52 -4.03  9.72  2.83 -0.39  4.38  8.75 -8.55  3.31  2.39 -1.67  1.81  6.34  0.75 -9.20  1.98  0.29 
 1.68 -5.69 -2.47  1.25 -8.46  1.23  0.81  0.00  2.04  1.79 -2.29  3.83 -0.94  1.31 -3.69  4.43 -1.96 -2.78 -2.43 -1.57 -2.63  3.12  2.41 -1.08  5.52  2.52  2.49 -2.76  1.79 -6.68  9.26  4.87 -1.02  3.29  4.14  5.89  0.61  1.45 -5.81 -6.70 -4.78  9.20  2.18  2.90 -3.61 -3.58 -7.49  2.74 -8.68 -6.48 
-4.05 -2.70  3.05  2.44 -0.77 -1.87 -1.84  2.04  0.00  2.75 -0.02 -4.75 -1.27  2.98  3.64  2.02  0.03 -0.33 -2.55  2.41 -0.45 -3.61  5.92 -3.27  0.77 -0.64 -3.78  3.94 -3.68  6.58  4.14 -2.51  0.44  2.08  5.43  9.70  1.47 -0.35  3.49 -11.41  3.88  0.53  3.55 -12.60  5.63  3.29 -1.62  8.85 -5.11 -10.42 
 1.59 -0.28 -1.01 -3.78 -0.64  0.77  2.44  1.79  2.75  0.00 11.00  7.93  3.85 -2.04 -4.09  2.12  5.61 -0.20  3.36  1.51  2.04 -1.47  0.85  2.24  1.80 -0.67  3.17  2.90 -0.73  1.62  9.98  6.69 -2.78  2.11 -0.83  2.12 -5.81  5.69  3.85 -4.11 -2.64  3.51 -0.21  1.04 -3.95 -4.25 -7.67  2.78 -9.43 -0.25 
-2.20  5.28 -1.73 -9.18 -0.11  7.67 -5.17 -2.29 -0.02 11.00  0.00  4.74 -4.36 -9.28 -8.39 -1.64 -4.06  2.63  6.25 -7.57 -5.03 -1.20  0.72  0.24  0.92  2.92 -3.52 -0.69 -6.40 -1.41 -4.68 -8.84 -1.98 -11.94  7.23 -9.87  0.54  1.10 -1.75 -3.81 -4.67  3.30  2.07 -1.97  4.59 -3.18  9.28  3.74 -10.41 12.39 
-6.78  8.46  4.39 -4.29 -0.53 -0.78 -3.04  3.83 -4.75  7.93  4.74  0.00 -10.15 -8.62  5.09 -3.40  3.19 -1.91  2.05 -6.33 -3.80 -4.86  2.75  6.83 -6.11  3.95  0.79  2.87 -1.07  2.46  2.10  1.11  2.04  3.33  2.06  4.95 -3.64  3.93  5.39 -0.58  6.17  0.42 10.11  0.93 -1.20 -1.21 -2.84  4.24 -8.13  1.65 
 1.42  2.14  3.68  0.30 -12.03 -6.07 -3.36 -0.94 -1.27  3.85 -4.36 -10.15  0.00  0.19  3.84  1.83 10.49 -2.34 -6.23 -3.36 -0.83 -1.37  2.64 -0.14  2.22  2.21 -0.15 -3.14 -4.42  2.22 -1.19  1.51  1.03 -4.90  0.70  7.49 -9.54 10.00 -1.68  7.21 -2.92 -2.99 -1.94 -4.55  0.46  4.23  8.67 -3.29  2.63 -2.41 
-2.16 -4.78  4.48  2.26 -1.48  2.18  1.04  1.31  2.98 -2.04 -9.28 -8.62  0.19  0.00  1.56 -1.33  3.91  0.92  3.59 -1.23 -12.05  1.81 -7.15 -4.92 -2.23  3.10  2.30  1.65 -4.13  3.84 -9.88  0.41  0.74  2.28 -3.58 -1.40 -1.01 -6.65 -11.76 -3.79  0.18  0.34  5.26 11.89  0.39  5.71  5.25 -9.25 -0.83 -1.91 
 0.01  0.33  0.56  5.11 -0.57 -0.73  4.41 -3.69  3.64 -4.09 -8.39  5.09  3.84  1.56  0.00  3.68  4.01 -1.32 -5.27 -6.22 -8.20 -4.11 -1.44  4.22 10.52 -2.11 -1.97  0.18 -5.63  2.79 -2.53 -6.93 -6.34  6.60  3.49 -15.12 11.32 -3.44  6.35  0.16 10.28  5.24 -8.96  4.55  2.78  2.31  1.97 15.01  6.21 -16.69 
-0.54  0.66 -0.83  2.47 -2.28 -2.33  6.81  4.43  2.02  2.12 -1.64 -3.40  1.83 -1.33  3.68  0.00  0.14 -2.48  4.44  0.27  0.27  3.33  5.89  0.63 -3.26 -3.87 -7.25 -0.78 -0.80 -9.20  3.81 -3.83 -2.80  4.24  5.37  3.72 -0.98 -1.13  1.74 -2.81  9.90 -1.15 -2.36  7.67  1.36 -0.42  6.79 -4.40 -4.72 10.37 
 0.98 -0.21  7.22 -8.54 -2.46  1.10 -2.45 -1.96  0.03  5.61 -4.06  3.19 10.49  3.91  4.01  0.14  0.00  1.28  8.23  3.70  1.55  1.10 -6.84  9.45  3.75  1.70  2.14  0.18  2.97 -2.76 -3.63  2.91 -5.50 -10.93  4.80  9.14  5.24 -0.11 -5.53 -1.99 -10.43 -3.91  3.13  9.07 11.41  0.06 -0.96 -3.03 -3.70  1.79 
-0.51  4.45 -1.68  0.33 -4.07 -0.92  2.47 -2.78 -0.33 -0.20  2.63 -1.91 -2.34  0.92 -1.32 -2.48  1.28  0.00  1.51 -1.05  0.43  3.27 -0.67  2.97  1.90  1.95  0.43  0.43 -4.36  1.64  2.59  1.16  3.80 -4.30 -0.16  0.94  3.41 -1.27  0.63  3.48 -1.91 -0.43  0.55  6.86 -0.27 -2.95 -4.92 10.58  4.57  5.80 
-3.21 -2.70  6.36 -5.63 -0.81 11.56  3.98 -2.43 -2.55  3.36  6.25  2.05 -6.23  3.59 -5.27  4.44  8.23  1.51  0.00  5.62 -4.35  0.77  0.48  4.70 -2.26  4.30 -1.91  1.23  6.21 -2.40  2.18 -3.44  2.38  2.76 11.05 -6.40 -2.72 -1.23  3.15  0.74  0.83  7.17  2.53 -12.82 -5.24 -2.58 -2.25 -7.47 -3.86 -2.06 
 0.56  3.62  1.97  2.39 -9.16  4.03 -2.25 -1.57  2.41  1.51 -7.57 -6.33 -3.36 -1.23 -6.22  0.27  3.70 -1.05  5.62  0.00  1.68 -5.29 -3.00  0.01  3.17 -7.07 -6.75 -1.13  1.51 -1.86 -2.22 -3.26 -0.18  2.47 -4.63 10.99  4.89 -0.05 -4.89 -3.97  4.84  1.47 -7.09 -3.51  0.28  4.70 -3.19  7.47 -7.93 -6.02 
 4.40 -3.47  1.95 -0.78  2.44 -7.73 -1.03 -2.63 -0.45  2.04 -5.03 -3.80 -0.83 -12.05 -8.20  0.27  1.55  0.43 -4.35  1.68  0.00  5.43 -1.46 -3.27 -4.37  3.43  1.86  2.84  4.38 -4.17 -2.98  0.08 -2.31  4.27 -2.57 -5.01  3.41 -2.38  0.51 -0.18  3.08 -2.02  3.08  4.65  3.10 -1.57 -7.67 -3.83 -2.64 -5.51 
 2.43 -4.33  1.00 -4.36 -3.29 -6.27 -4.76  3.12 -3.61 -1.47 -1.20 -4.86 -1.37  1.81 -4.11  3.33  1.10  3.27  0.77 -5.29  5.43  0.00 -2.31 -1.04  1.07 -0.03 -0.74  1.28 -10.17  1.23 -0.31 -9.41 -1.92  1.50  0.25  5.49 -1.91  0.18  2.25  2.38 -2.30 13.26 -2.29 -8.91 -5.35  1.75 -0.49 -1.45 -0.17 -2.81 
 0.08  0.51 -1.86 -1.36 -3.81 -0.10 -1.87  2.41  5.92  0.85  0.72  2.75  2.64 -7.15 -1.44  5.89 -6.84 -0.67  0.48 -3.00 -1.46 -2.31  0.00  0.76  8.34 -0.83 -1.12 -6.71 -3.02  4.38 11.89  0.10 -2.22  1.58  1.32 -3.79 -1.24  0.88 -4.29  0.94 -3.89  7.70  3.76  3.43 -1.39  4.40  1.25  6.51 -0.59 -1.57 
 1.80 -3.19 -3.09  1.04  1.77 -6.04  3.93 -1.08 -3.27  2.24  0.24  6.83 -0.14 -4.92  4.22  0.63  9.45  2.97  4.70  0.01 -3.27 -1.04  0.76  0.00  4.54  1.93  4.97  2.78 -2.70 -0.88 -2.23  4.31 -0.66  9.51 -11.19 -4.31  0.31 -1.80 15.03 -0.64  8.93  2.31  1.59  4.69  2.30  0.64 -2.37 -1.04 -3.97  1.57 
-4.46 -0.65 -6.41 -3.35  3.68  2.08 -5.59  5.52  0.77  1.80  0.92 -6.11  2.22 -2.23 10.52 -3.26  3.75  1.90 -2.26  3.17 -4.37  1.07  8.34  4.54  0.00  2.91  8.14 -0.12  3.22 -4.84 -0.74  0.43 -5.91 10.01 -0.69 -2.54  2.78 -8.85 -1.45  8.05  1.01 -0.32  1.47 -6.77 -4.15  1.88  1.66  3.18  1.37 -3.40 
 2.37 -1.96  5.37  2.11  4.72  6.64 -2.56  2.52 -0.64 -0.67  2.92  3.95  2.21  3.10 -2.11 -3.87  1.70  1.95  4.30 -7.07  3.43 -0.03 -0.83  1.93  2.91  0.00 -6.22  7.74 -0.34 -0.29 -1.94  6.08  5.75 -0.22  1.72 -3.86  0.52 -0.64  1.54 -8.56  4.38 -0.26  2.19 -0.85  1.57 -4.75 -0.67  0.77 -1.19  9.79 
 0.92  6.33 -1.40  0.92 -2.43 -0.73  3.01  2.49 -3.78  3.17 -3.52  0.79 -0.15  2.30 -1.97 -7.25  2.14  0.43 -1.91 -6.75  1.86 -0.74 -1.12  4.97  8.14 -6.22  0.00 -4.72  6.22 -0.46 -15.24  3.13  8.45  2.45 -1.57 -5.15 -5.91 -5.09  8.39  9.53 -3.65 -0.25 -7.87 -3.75 -9.12  1.21  6.00 -0.71  3.05  0.31 
-9.46  7.05  0.70 -1.91  2.54  1.65 -1.61 -2.76  3.94  2.90 -0.69  2.87 -3.14  1.65  0.18 -0.78  0.18  0.43  1.23 -1.13  2.84  1.28 -6.71  2.78 -0.12  7.74 -4.72  0.00 -4.02 -5.06 -3.31  3.26  0.72  6.06  2.87 -2.21 -6.16 -7.48  2.38  5.06  0.50  3.97 -3.98 -0.08  3.37 -2.39 -0.27 -0.13  2.74  2.54 
-0.43  2.55  6.30  5.73  5.69 -4.53 -3.77  1.79 -3.68 -0.73 -6.40 -1.07 -4.42 -4.13 -5.63 -0.80  2.97 -4.36  6.21  1.51  4.38 -10.17 -3.02 -2.70  3.22 -0.34  6.22 -4.02  0.00  1.65 -17.22  2.90 -7.88  7.79 -4.31 -3.70  3.00 -5.08 -3.66  1.50  5.97  4.35 -7.98  3.36 -4.58 -1.00  8.98  1.85 -2.13  1.13 
 1.91 -4.54 -0.68  2.09 -2.02 -1.77  2.16 -6.68  6.58  1.62 -1.41  2.46  2.22  3.84  2.79 -9.20 -2.76  1.64 -2.40 -1.86 -4.17  1.23  4.38 -0.88 -4.84 -0.29 -0.46 -5.06  1.65  0.00 -0.55  6.27 -5.43 -10.42 -1.35  0.48 -1.47  1.76  0.78 -2.22  7.91 -9.93  3.32  5.07 -8.24 -3.26 -2.68 -4.26 10.02 14.87 
 7.64  0.22  6.32  7.65 10.78  2.79 -7.64  9.26  4.14  9.98 -4.68  2.10 -1.19 -9.88 -2.53  3.81 -3.63  2.59  2.18 -2.22 -2.98 -0.31 11.89 -2.23 -0.74 -1.94 -15.24 -3.31 -17.22 -0.55  0.00  9.90 -0.88 -2.27  2.22  0.68 -9.98  7.46 11.34 -0.25 14.55  0.13  3.28 -0.02  0.31  5.82  4.33  4.64 -4.70 -4.99 
-5.60 -5.55 -4.49  3.53 -1.99  3.67 -4.49  4.87 -2.51  6.69 -8.84  1.11  1.51  0.41 -6.93 -3.83  2.91  1.16 -3.44 -3.26  0.08 -9.41  0.10  4.31  0.43  6.08  3.13  3.26  2.90  6.27  9.90  0.00  3.33 -2.23  5.12 -0.77  5.36 17.05 -4.35  7.75  6.46  1.16  0.59 -3.36  2.96 -0.89  3.85 -2.31  3.46 -1.29 
 8.53 -6.67 -4.55 -0.77 -3.65 -0.52 -0.25 -1.02  0.44 -2.78 -1.98  2.04  1.03  0.74 -6.34 -2.80 -5.50  3.80  2.38 -0.18 -2.31 -1.92 -2.22 -0.66 -5.91  5.75  8.45  0.72 -7.88 -5.43 -0.88  3.33  0.00  0.60  2.97 -11.42 -3.28 -3.41  9.18 -3.07 -6.00 -0.53  6.16 -2.89  2.14 -3.39  0.17 -4.84  1.14 -7.95 
-1.10  2.74  2.15 -8.24 -0.59 -9.07 -8.52  3.29  2.08  2.11 -11.94  3.33 -4.90  2.28  6.60  4.24 -10.93 -4.30  2.76  2.47  4.27  1.50  1.58  9.51 10.01 -0.22  2.45  6.06  7.79 -10.42 -2.27 -2.23  0.60  0.00  2.13 -0.23 -3.77  2.69  3.94 17.82  4.17  6.02  6.31 -0.93  1.67  0.72 -9.91  2.70  0.64 -5.87 
 0.09 -2.65  6.84  2.45  0.89 -1.19 -4.03  4.14  5.43 -0.83  7.23  2.06  0.70 -3.58  3.49  5.37  4.80 -0.16 11.05 -4.63 -2.57  0.25  1.32 -11.19 -0.69  1.72 -1.57  2.87 -4.31 -1.35  2.22  5.12  2.97  2.13  0.00 -1.03  7.35 -6.33 -1.99 -5.78 -0.57  0.57 -3.17  5.70 -0.50  5.65  0.52  6.21  3.02  5.35 
-6.15 -1.64  4.40 -6.36  8.27  3.45  9.72  5.89  9.70  2.12 -9.87  4.95  7.49 -1.40 -15.12  3.72  9.14  0.94 -6.40 10.99 -5.01  5.49 -3.79 -4.31 -2.54 -3.86 -5.15 -2.21 -3.70  0.48  0.68 -0.77 -11.42 -0.23 -1.03  0.00 -5.24 -0.91 -4.67 -4.84 -0.29 -9.33 -6.90 -6.79  3.13 -0.43  3.60 -1.41 -11.65  1.11 
-1.22  2.23  3.97  7.68 -5.31  0.41  2.83  0.61  1.47 -5.81  0.54 -3.64 -9.54 -1.01 11.32 -0.98  5.24  3.41 -2.72  4.89  3.41 -1.91 -1.24  0.31  2.78  0.52 -5.91 -6.16  3.00 -1.47 -9.98  5.36 -3.28 -3.77  7.35 -5.24  0.00 -3.04 -3.70 -12.25 -5.18 -1.86 -2.33  9.00  6.44  1.75  5.28 -0.75  3.56 -3.88 
 1.80  0.47  1.07 -7.06 -1.43  7.52 -0.39  1.45 -0.35  5.69  1.10  3.93 10.00 -6.65 -3.44 -1.13 -0.11 -1.27 -1.23 -0.05 -2.38  0.18  0.88 -1.80 -8.85 -0.64 -5.09 -7.48 -5.08  1.76  7.46 17.05 -3.41  2.69 -6.33 -0.91 -3.04  0.00 -1.30  0.53 -3.26 -2.31 -4.39  4.56  1.30  1.10  2.62  4.26 -2.77  4.32 
 6.57 -9.15  0.13  0.16 -4.02  1.66  4.38 -5.81  3.49  3.85 -1.75  5.39 -1.68 -11.76  6.35  1.74 -5.53  0.63  3.15 -4.89  0.51  2.25 -4.29 15.03 -1.45  1.54  8.39  2.38 -3.66  0.78 11.34 -4.35  9.18  3.94 -1.99 -4.67 -3.70 -1.30  0.00 -12.70 -0.58  1.56  4.18  4.34 -0.80  0.89  0.86 -5.33 -2.09 -6.19 
 1.49 -2.83  0.70  1.58 -8.51 10.23  8.75 -6.70 -11.41 -4.11 -3.81 -0.58  7.21 -3.79  0.16 -2.81 -1.99  3.48  0.74 -3.97 -0.18  2.38  0.94 -0.64  8.05 -8.56  9.53  5.06  1.50 -2.22 -0.25  7.75 -3.07 17.82 -5.78 -4.84 -12.25  0.53 -12.70  0.00  4.54  4.56 -7.58 -6.96  3.37  0.52  2.98  4.30 -6.07  7.02 
-0.56  4.30  3.00 -8.37  5.13 -3.46 -8.55 -4.78  3.88 -2.64 -4.67  6.17 -2.92  0.18 10.28  9.90 -10.43 -1.91  0.83  4.84  3.08 -2.30 -3.89  8.93  1.01  4.38 -3.65  0.50  5.97  7.91 14.55  6.46 -6.00  4.17 -0.57 -0.29 -5.18 -3.26 -0.58  4.54  0.00 -3.25  6.30  6.07  1.67 11.27 -7.24  1.04 11.40 10.38 
 3.85 -4.32 -3.88 -1.35 -2.88 -6.06  3.31  9.20  0.53  3.51  3.30  0.42 -2.99  0.34  5.24 -1.15 -3.91 -0.43  7.17  1.47 -2.02 13.26  7.70  2.31 -0.32 -0.26 -0.25  3.97  4.35 -9.93  0.13  1.16 -0.53  6.02  0.57 -9.33 -1.86 -2.31  1.56  4.56 -3.25  0.00  6.79 -4.58 -5.69  0.31  3.12 14.86  3.92  3.79 
 1.45 -3.38 -2.98  7.43 -5.16 -2.33  2.39  2.18  3.55 -0.21  2.07 10.11 -1.94  5.26 -8.96 -2.36  3.13  0.55  2.53 -7.09  3.08 -2.29  3.76  1.59  1.47  2.19 -7.87 -3.98 -7.98  3.32  3.28  0.59  6.16  6.31 -3.17 -6.90 -2.33 -4.39  4.18 -7.58  6.30  6.79  0.00 -2.90  2.09  4.81  0.36  1.88 -4.81  2.32 
 4.51 -3.82 -4.18 -1.03  0.83  6.05 -1.67  2.90 -12.60  1.04 -1.97  0.93 -4.55 11.89  4.55  7.67  9.07  6.86 -12.82 -3.51  4.65 -8.91  3.43  4.69 -6.77 -0.85 -3.75 -0.08  3.36  5.07 -0.02 -3.36 -2.89 -0.93  5.70 -6.79  9.00  4.56  4.34 -6.96  6.07 -4.58 -2.90  0.00 -0.16 -0.99 -12.98 -0.52 11.61  3.52 
-2.22 -1.91  0.40 -8.99 -9.83 -1.21  1.81 -3.61  5.63 -3.95  4.59 -1.20  0.46  0.39  2.78  1.36 11.41 -0.27 -5.24  0.28  3.10 -5.35 -1.39  2.30 -4.15  1.57 -9.12  3.37 -4.58 -8.24  0.31  2.96  2.14  1.67 -0.50  3.13  6.44  1.30 -0.80  3.37  1.67 -5.69  2.09 -0.16  0.00  4.19 -8.84  0.77 -4.51 -7.21 
-4.03  0.63  0.48  4.29 -3.12 -1.58  6.34 -3.58  3.29 -4.25 -3.18 -1.21  4.23  5.71  2.31 -0.42  0.06 -2.95 -2.58  4.70 -1.57  1.75  4.40  0.64  1.88 -4.75  1.21 -2.39 -1.00 -3.26  5.82 -0.89 -3.39  0.72  5.65 -0.43  1.75  1.10  0.89  0.52 11.27  0.31  4.81 -0.99  4.19  0.00  3.73  2.88  8.95  1.06 
 3.71 -2.76 -1.49 -5.75  0.17 -4.34  0.75 -7.49 -1.62 -7.67  9.28 -2.84  8.67  5.25  1.97  6.79 -0.96 -4.92 -2.25 -3.19 -7.67 -0.49  1.25 -2.37  1.66 -0.67  6.00 -0.27  8.98 -2.68  4.33  3.85  0.17 -9.91  0.52  3.60  5.28  2.62  0.86  2.98 -7.24  3.12  0.36 -12.98 -8.84  3.73  0.00  0.51  0.63 -0.99 
-7.21  1.98 -2.80  5.37 -2.98 13.32 -9.20  2.74  8.85  2.78  3.74  4.24 -3.29 -9.25 15.01 -4.40 -3.03 10.58 -7.47  7.47 -3.83 -1.45  6.51 -1.04  3.18  0.77 -0.71 -0.13  1.85 -4.26  4.64 -2.31 -4.84  2.70  6.21 -1.41 -0.75  4.26 -5.33  4.30  1.04 14.86  1.88 -0.52  0.77  2.88  0.51  0.00 -2.05  1.61 
-1.74 -3.29 -5.60  7.75 -1.45  1.80  1.98 -8.68 -5.11 -9.43 -10.41 -8.13  2.63 -0.83  6.21 -4.72 -3.70  4.57 -3.86 -7.93 -2.64 -0.17 -0.59 -3.97  1.37 -1.19  3.05  2.74 -2.13 10.02 -4.70  3.46  1.14  0.64  3.02 -11.65  3.56 -2.77 -2.09 -6.07 11.40  3.92 -4.81 11.61 -4.51  8.95  0.63 -2.05  0.00 -4.27 
 5.87  1.47  7.73 -9.04  2.61 -2.71  0.29 -6.48 -10.42 -0.25 12.39  1.65 -2.41 -1.91 -16.69 10.37  1.79  5.80 -2.06 -6.02 -5.51 -2.81 -1.57  1.57 -3.40  9.79  0.31  2.54  1.13 14.87 -4.99 -1.29 -7.95 -5.87  5.35  1.11 -3.88  4.32 -6.19  7.02 10.38  3.79  2.32  3.52 -7.21  1.06 -0.99  1.61 -4.27  0.00 

(39, 44) (25, 34) (6, 46) (2, 14) (14, 43) (25, 47) (18, 38) (26, 30) (32, 43) (15, 37) (30, 48) (20, 40) (1, 37) (27, 40) (3, 43) (28, 39) (32, 48) (7, 35) (38, 46) (0, 8) (3, 4) (9, 26) (15, 18) (5, 40) (9, 14) (33, 37) (41, 43) (14, 18) (35, 46) (33, 35) (23, 37) (15, 36) (6, 14) (19, 40) (8, 38) (16, 19) (34, 41) (13, 39) (17, 22) (6, 35) (39, 41) (19, 47) (25, 44) (38, 41) (28, 48) (15, 47) (19, 26) (30, 36) (5, 39) (4, 46) (34, 39) (28, 30) (13, 36) (20, 28) (29, 38) (3, 32) (26, 32) (18, 43) (0, 16) (7, 20) (1, 39) (14, 48) (6, 43) (17, 47) (3, 46) (30, 45) (10, 33) (24, 40) (13, 48) (14, 28) (13, 46) (19, 21) (38, 40) (1, 38) (16, 47) (9, 21) (37, 42) (2, 30) (13, 31) (2, 33) (13, 25) (14, 23) (21, 30) (1, 43) (4, 42) (9, 40) (16, 49) (1, 11) (35, 39) (9, 39) (20, 42) (31, 37) (13, 40) (14, 27) (14, 37) (6, 33) (10, 46) (27, 37) (18, 31) (5, 43) (34, 43) (37, 48) (19, 30) (14, 35) (35, 43) (30, 44) (31, 48) (19, 35) (14, 29) (10, 40) (28, 49) (19, 33) (16, 39) (12, 18) (39, 46) (14, 39) (40, 43) (18, 29) (18, 49) (37, 39) (37, 41) (14, 30) (6, 47) 
 0.00 -0.06 -2.17  1.91  4.70 -0.26 -4.97 -2.91  8.09  5.63  4.13 -0.97 -1.97  2.66 -4.90  0.23 -9.08  0.87 -0.84 -3.02  1.64  0.01 -1.32  3.17  0.47 -0.50 -3.93 -1.94 -3.53  1.54  0.30  1.00  4.26 -1.71  4.54 -3.18  4.17 -4.99  1.94 -0.94 -5.52  5.59 -0.25  0.05 -2.46  0.58  1.50  5.44  3.78 -2.31 
-0.06  0.00 -1.65  1.11  3.60 -1.25  4.25  0.65 -0.26  0.92  1.68 10.56 -3.23 -1.07  5.76  2.87 -1.09  3.38  2.55  1.40 -3.80  3.73  0.43 -2.35  0.84 -3.46 -2.19  6.25 -1.40 -2.86 -2.62  1.10  3.64 -0.94  3.51 -4.99 -4.11 -8.00 -9.90 -9.16 -3.28 -2.66 -1.21 10.34  2.15  5.11  2.35  4.05 -0.79  3.56 
-2.17 -1.65  0.00 -2.11  3.00  3.88  2.21  1.71 -4.14  5.61 -0.72  1.43 -4.82 -2.07 -7.79 -4.23  5.50  0.48  3.32  1.15 -5.28  0.84 -0.28  2.51 -1.27  5.23  1.40  2.53  3.60 -4.10 -9.93 -0.24 -6.71 -10.07  0.36 -1.55 -1.08 -2.35 -3.32 -1.96 -0.82 -1.71  0.92  3.46  2.80  0.89  5.96  0.69  6.34  1.01 
 1.91  1.11 -2.11  0.00 -8.10  1.55  4.38 -4.53  3.43 -3.80  3.03 -1.64  2.01 -4.59  4.76  1.63 -3.97  1.75  0.48 -0.61  3.71  0.15  0.48  2.12  0.89  1.23  0.17  3.94 -6.62 -1.31 -6.13  1.20 -8.92  2.74 -2.71 -3.12  3.92 -5.74 -1.66 -4.80  0.29 -0.14 -5.38  8.03  0.23  5.31  9.33 -2.57  2.46 -2.75 
 4.70  3.60  3.00 -8.10  0.00  1.56  4.55 -4.95 -0.50 -0.90 -2.40  3.29 -6.27 -4.08  2.37  1.24 -1.21 -0.22  2.11  2.71 -0.10  4.81 -5.96  3.07  1.56 -3.10 -6.00  3.01  1.54  5.57 -0.37  4.72 -1.23  5.57 -2.96 -3.13  0.55  1.87  1.51  0.92 -4.65  4.67 10.34 -2.39  3.88  0.65  8.73 -4.15 -2.95 -4.95 
-0.26 -1.25  3.88  1.55  1.56  0.00  2.95  1.04 -5.40 -2.65  1.06 -4.08 -3.14 -3.47  0.50  0.40 -0.22 -1.61  4.05  4.73  5.72 -0.79 -1.56 -3.82 -1.79  0.23  4.44  4.14  0.31 -0.16 -1.67 -3.70 -4.03  3.72  1.97  3.01 -0.75 -2.42 -0.11  8.65  8.19  6.42 -1.37 11.28 -0.18  3.67 -3.51  3.82 -3.33 -4.79 
-4.97  4.25  2.21  4.38  4.55  2.95  0.00 -2.24 -4.41 -3.59 -1.76  2.70 -6.76 -3.93 -8.38 -1.21 -0.88  4.13  0.70 -2.48 -1.96  1.64  1.98 -5.32  4.22  2.67 -2.44 -1.27 -4.03  2.13  4.10 -5.99  3.40 -10.76 -1.70 -8.46  6.88  3.65  1.30  3.73  0.32  5.35  0.13 -9.28 -0.18 -1.03 -7.74 -20.06  3.23 -0.54 
-2.91  0.65  1.71 -4.53 -4.95  1.04 -2.24  0.00 -2.53  4.00 -0.10 -5.68 -2.54 -1.57  3.51 -2.78  0.13 -0.06  1.04  1.46 -9.12  0.36 -0.07  0.83  4.55  0.89 -1.42 -2.93  2.78 -3.45 -1.63  0.55 -1.30  0.00 -6.00  8.06  2.89  5.02 -1.51 -4.07 -6.30 -2.96 -3.17 -2.38  1.40 -3.53 -3.55 -4.18  4.82  6.89 
 8.09 -0.26 -4.14  3.43 -0.50 -5.40 -4.41 -2.53  0.00 -1.66 -4.63  2.68  3.77  0.16 -0.14  2.10 -1.15  5.01 -0.50 -1.16 -2.26  1.99 -1.28 -2.13  2.47 -3.93 -3.41 -2.59  2.18  1.97  1.35  2.85 -0.62  2.36 -3.66 -1.64  5.33 -2.15 -8.41 -3.94 -7.32 -2.52  2.14 -5.47  0.68  7.60  4.30  3.05 -2.19 -1.55 
 5.63  0.92  5.61 -3.80 -0.90 -2.65 -3.59  4.00 -1.66  0.00  4.72 -0.25 -0.93  0.27 -8.22  3.54  2.72 -0.27 -1.26 -0.73 -1.68  9.93  2.58 -1.61 -1.24  0.73 -8.14 -4.01  1.55  4.68 -0.23 -0.85 -0.79  4.19 -0.96 -4.55 -0.51  5.41  6.75 -10.59 -10.36 -2.37 -0.07  6.27  4.72  6.01 -3.68 -2.58  1.11  1.80 
 4.13  1.68 -0.72  3.03 -2.40  1.06 -1.76 -0.10 -4.63  4.72  0.00 -2.39  0.57  1.49 -3.27  0.49  2.14 -2.39  0.49 -3.54 -6.56  0.09 -6.63  1.01  4.06 -0.84  4.32  0.51  1.58 -6.23  4.94 -2.80  0.22 -9.35  3.20  0.44 -4.07 -3.35  2.39 -2.90 11.88  0.69  3.49  6.80  0.95 -0.38 11.09 -3.79  5.97  2.18 
-0.97 10.56  1.43 -1.64  3.29 -4.08  2.70 -5.68  2.68 -0.25 -2.39  0.00  2.64  2.52  2.10  1.12  0.78 -0.05 -0.15  3.52  1.26  4.05  3.85  0.52 -1.03  4.18 -4.56 -1.08 -3.00 -0.10  3.45 -1.50 -6.42 -6.51 -2.96  0.71  6.39  2.46 -0.99  5.38 -1.81  5.68  2.70 -1.75  0.41  0.17  2.33 -1.63 -0.73  2.26 
-1.97 -3.23 -4.82  2.01 -6.27 -3.14 -6.76 -2.54  3.77 -0.93  0.57  2.64  0.00 -1.09  6.59  2.90  3.84 -4.33 -13.19  1.32  2.44  1.07 -1.67 -4.73 -1.00  0.28  6.60  0.21 -5.88  0.89  6.19  0.48 -1.26  1.40 -0.93  3.89 -4.60  2.11  5.79  2.19 -0.38 -4.11  0.65 -1.31 -0.11  2.07  3.44 -1.98 -3.58  6.00 
 2.66 -1.07 -2.07 -4.59 -4.08 -3.47 -3.93 -1.57  0.16  0.27  1.49  2.52 -1.09  0.00 -0.91 -1.05 -5.41 -3.01  6.84 -0.64 -4.44 -0.66  1.02  3.28  0.41 -10.07  2.21 -1.90 -1.77 -0.27  1.13  9.98 -4.02 -5.28 -1.18 -2.96 -8.81  2.67 -7.08 -8.44 -10.65  0.60 -1.18 -5.75 -4.69  0.44  9.60 -0.91 -9.37  3.23 
-4.90  5.76 -7.79  4.76  2.37  0.50 -8.38  3.51 -0.14 -8.22 -3.27  2.10  6.59 -0.91  0.00 -1.18 -6.84 -0.29  8.27  3.57  0.79 -0.89  2.00 10.25  2.18 -5.58  4.54 10.65  9.46 11.82 -18.79 -5.48  5.83 -3.09 -4.68 -11.51  3.93 -10.74  0.58 -13.74  2.09  6.97 -0.31  7.82 -6.73 -0.15 -0.47  1.82 -9.25  4.33 
 0.23  2.87 -4.23  1.63  1.24  0.40 -1.21 -2.78  2.10  3.54  0.49  1.12  2.90 -1.05 -1.18  0.00 -1.64 -0.85 -8.16 -1.88 -3.09 -0.49 -0.71  0.20 -1.55 -2.83  5.90  1.89 -1.70  2.38  0.69  3.76 -2.83  3.49  1.75  0.67 -8.37 -7.95  0.84 -0.46  7.71 -0.83 -0.46  1.31 -2.84  1.81  6.10 -8.62 -0.81  6.53 
-9.08 -1.09  5.50 -3.97 -1.21 -0.22 -0.88  0.13 -1.15  2.72  2.14  0.78  3.84 -5.41 -6.84 -1.64  0.00  4.26 -4.02 -8.43  3.26  2.24  3.63  3.04 -4.00 -0.01  6.31 -0.72  5.66 -1.13  3.78 -0.78  7.01 -1.16  5.56  7.54  2.28 -1.67 -1.01 -12.95  4.67 -4.83 -6.75  1.19  1.70 -3.78 -3.52  9.91  2.89 10.39 
 0.87  3.38  0.48  1.75 -0.22 -1.61  4.13 -0.06  5.01 -0.27 -2.39 -0.05 -4.33 -3.01 -0.29 -0.85  4.26  0.00 -0.55  2.33  0.84 -1.02  8.45 -3.39 -1.47 -1.63  1.50  3.84 -0.24 -1.94  6.60  5.11  2.19 -5.13  1.95  1.38  2.47  3.04  4.93  0.86 -0.91  3.72  1.67  3.58  0.77  2.62 -4.71  9.33  1.39  4.41 
-0.84  2.55  3.32  0.48  2.11  4.05  0.70  1.04 -0.50 -1.26  0.49 -0.15 -13.19  6.84  8.27 -8.16 -4.02 -0.55  0.00 -2.40 -1.60 -2.98  3.79  0.57  1.11  4.96 -0.86 -0.84 -1.53 14.68  4.19 -11.13 -2.54 -1.74  6.36  4.57  4.22 -5.30 -7.84 -1.24  7.25  7.25 -5.99 -9.08 -0.19 -2.62  1.11  3.81  7.54 15.07 
-3.02  1.40  1.15 -0.61  2.71  4.73 -2.48  1.46 -1.16 -0.73 -3.54  3.52  1.32 -0.64  3.57 -1.88 -8.43  2.33 -2.40  0.00 -7.25 -9.78  1.36  2.39  2.50  3.80  8.62  3.95  0.41  3.61 -11.41 -4.23  7.24 -12.53 -3.03 11.80  5.62 -2.53  2.49  2.89 -8.40 -2.02  1.83  0.53  1.21 -5.56 -0.25  8.55 -6.32 -4.76 
 1.64 -3.80 -5.28  3.71 -0.10  5.72 -1.96 -9.12 -2.26 -1.68 -6.56  1.26  2.44 -4.44  0.79 -3.09  3.26  0.84 -1.60 -7.25  0.00  0.67 -2.51 -6.22  1.25 -0.61  2.10 -4.85  8.87 -2.50 -0.02 -1.44 -7.47  2.19 -5.69 -3.53 -2.38  5.20  1.48  1.36  7.98  0.27 10.59  4.22 -3.72 -1.96  0.20 -0.20 -7.61 -2.49 
