(4, 5) (11, 12) (8, 10) (5, 7) (2, 5) (0, 14) (1, 14) (2, 10) (1, 6) (8, 9) (1, 8) 
 0.00  1.06 -1.01 -0.91 -0.16 -0.42  0.95 -0.50 -0.16  0.55 -0.58  0.10 -0.21  1.35 -1.94 
 1.06  0.00 -0.16  0.71 -0.08  1.12 -2.33  0.75 -2.52 -0.97 -0.66  0.46  0.28  0.26 -1.98 
-1.01 -0.16  0.00  0.42 -0.78 -1.91 -0.22 -0.09 -0.43 -0.75 -2.07 -0.15  0.36 -0.05  0.28 
-0.91  0.71  0.42  0.00 -0.03  0.96  0.27  0.36  0.36  0.69 -0.38  0.07  0.59  1.68  0.10 
-0.16 -0.08 -0.78 -0.03  0.00  1.69 -0.06  0.62  0.83  0.33 -1.30 -1.09 -0.16  0.92 -0.03 
-0.42  1.12 -1.91  0.96  1.69  0.00  1.46 -1.81  1.17  0.25  0.89 -1.06  1.40  0.23 -0.52 
 0.95 -2.33 -0.22  0.27 -0.06  1.46  0.00  0.25 -1.05 -0.12 -0.33  0.66  1.59  0.32  0.25 
-0.50  0.75 -0.09  0.36  0.62 -1.81  0.25  0.00 -0.29 -0.33 -1.12  1.29 -0.89 -0.59  0.63 
-0.16 -2.52 -0.43  0.36  0.83  1.17 -1.05 -0.29  0.00  2.47  1.75 -0.68 -0.31  0.64 -1.23 
 0.55 -0.97 -0.75  0.69  0.33  0.25 -0.12 -0.33  2.47  0.00  0.96 -0.02  0.32  1.61 -0.10 
-0.58 -0.66 -2.07 -0.38 -1.30  0.89 -0.33 -1.12  1.75  0.96  0.00 -0.33 -0.20  1.32 -1.14 
 0.10  0.46 -0.15  0.07 -1.09 -1.06  0.66  1.29 -0.68 -0.02 -0.33  0.00  1.71 -0.08  0.48 
-0.21  0.28  0.36  0.59 -0.16  1.40  1.59 -0.89 -0.31  0.32 -0.20  1.71  0.00  0.59  0.23 
 1.35  0.26 -0.05  1.68  0.92  0.23  0.32 -0.59  0.64  1.61  1.32 -0.08  0.59  0.00 -0.47 
-1.94 -1.98  0.28  0.10 -0.03 -0.52  0.25  0.63 -1.23 -0.10 -1.14  0.48  0.23 -0.47  0.00 
0:  9.90
1: 13.34
2:  8.67
3:  7.55
4:  8.08
5: 14.88
6:  9.88
7:  9.54
8: 13.89
9:  9.47
10: 13.04
11:  8.18
12:  8.86
13: 10.10
14:  9.39

