(4, 10) (0, 6) (5, 10) (1, 10) (5, 12) (6, 12) (5, 7) (1, 14) (0, 14) (1, 8) (1, 6) 
 0.00  1.76 -1.08  0.17 -0.16  0.13  2.01  0.46  0.13  0.85 -0.34 -0.01 -0.21  1.70 -2.87 
 1.76  0.00 -0.06  0.94 -0.76  1.45 -3.23  0.64 -3.11 -0.69 -2.11  0.71  0.71 -0.47 -2.71 
-1.08 -0.06  0.00  0.13 -0.60 -1.84 -0.48 -0.26 -1.31 -0.63 -1.70 -0.56 -0.16 -0.38  0.03 
 0.17  0.94  0.13  0.00  0.32  0.29  0.95 -0.07  0.49  1.04  0.11 -0.29 -0.47  1.80  0.73 
-0.16 -0.76 -0.60  0.32  0.00  1.76  0.03  0.77  0.54 -0.53 -1.93 -1.49 -0.54  0.78 -0.44 
 0.13  1.45 -1.84  0.29  1.76  0.00  1.45 -2.44  1.14  0.54  2.03 -0.62  2.30 -0.43 -0.16 
 2.01 -3.23 -0.48  0.95  0.03  1.45  0.00  0.05 -0.50 -1.11  0.32  0.84  2.43  0.35  0.57 
 0.46  0.64 -0.26 -0.07  0.77 -2.44  0.05  0.00 -0.65 -0.02 -1.68  1.47 -1.01 -0.26  1.23 
 0.13 -3.11 -1.31  0.49  0.54  1.14 -0.50 -0.65  0.00  1.88  0.79 -0.67 -0.53  1.13 -1.83 
 0.85 -0.69 -0.63  1.04 -0.53  0.54 -1.11 -0.02  1.88  0.00  0.86  0.09  1.62  1.75  0.69 
-0.34 -2.11 -1.70  0.11 -1.93  2.03  0.32 -1.68  0.79  0.86  0.00 -0.95 -0.63  0.86 -1.14 
-0.01  0.71 -0.56 -0.29 -1.49 -0.62  0.84  1.47 -0.67  0.09 -0.95  0.00  1.58 -0.02  0.89 
-0.21  0.71 -0.16 -0.47 -0.54  2.30  2.43 -1.01 -0.53  1.62 -0.63  1.58  0.00  0.00 -0.48 
 1.70 -0.47 -0.38  1.80  0.78 -0.43  0.35 -0.26  1.13  1.75  0.86 -0.02  0.00  0.00  0.97 
-2.87 -2.71  0.03  0.73 -0.44 -0.16  0.57  1.23 -1.83  0.69 -1.14  0.89 -0.48  0.97  0.00 

(11, 12) (0, 6) (2, 5) (3, 13) (5, 7) (1, 14) (4, 10) (5, 12) (1, 6) (1, 8) (0, 14) 
 0.00  0.94 -1.53  0.19 -0.08 -0.13  2.12 -0.08  0.56  0.80 -0.83 -0.03  0.25  1.68 -3.02 
 0.94  0.00  0.53  0.51 -0.24  0.68 -2.85  0.10 -2.94 -1.48 -1.31  0.01  1.31 -0.20 -2.46 
-1.53  0.53  0.00  0.58 -0.52 -2.25 -0.43 -0.26 -1.03 -0.14 -1.82 -0.56  0.44 -0.53  0.18 
 0.19  0.51  0.58  0.00  0.45  1.24  0.33  0.49 -0.03  1.03  0.44 -0.68 -0.17  2.27 -0.05 
-0.08 -0.24 -0.52  0.45  0.00  1.18 -0.72  0.87 -0.29  0.24 -2.60 -0.75 -1.03  0.07 -0.29 
-0.13  0.68 -2.25  1.24  1.18  0.00  0.61 -2.39  0.31  0.97  1.86 -0.97  2.63 -0.07 -1.03 
 2.12 -2.85 -0.43  0.33 -0.72  0.61  0.00  0.08 -0.87 -0.99 -0.40  1.18  1.22 -0.18  0.69 
-0.08  0.10 -0.26  0.49  0.87 -2.39  0.08  0.00 -0.40 -0.29 -1.41  1.08 -0.89 -0.13  1.30 
 0.56 -2.94 -1.03 -0.03 -0.29  0.31 -0.87 -0.40  0.00  1.82  1.89 -0.74 -0.74  0.48 -1.70 
 0.80 -1.48 -0.14  1.03  0.24  0.97 -0.99 -0.29  1.82  0.00  1.01 -0.06  0.97  1.50  0.32 
-0.83 -1.31 -1.82  0.44 -2.60  1.86 -0.40 -1.41  1.89  1.01  0.00 -0.39  0.07  1.74 -1.21 
-0.03  0.01 -0.56 -0.68 -0.75 -0.97  1.18  1.08 -0.74 -0.06 -0.39  0.00  2.03 -1.07  1.31 
 0.25  1.31  0.44 -0.17 -1.03  2.63  1.22 -0.89 -0.74  0.97  0.07  2.03  0.00  0.38 -0.29 
 1.68 -0.20 -0.53  2.27  0.07 -0.07 -0.18 -0.13  0.48  1.50  1.74 -1.07  0.38  0.00  0.16 
-3.02 -2.46  0.18 -0.05 -0.29 -1.03  0.69  1.30 -1.70  0.32 -1.21  1.31 -0.29  0.16  0.00 

(3, 13) (5, 12) (8, 10) (2, 5) (0, 14) (1, 8) (2, 10) (1, 6) (5, 10) (11, 12) (1, 14) 
 0.00  0.07 -1.39 -0.12 -0.23 -0.40  1.99 -0.39  1.28  0.94 -1.17  0.29  0.39  0.97 -2.10 
 0.07  0.00  0.47  0.96  0.05  0.52 -2.30  0.53 -2.14 -1.14 -1.41  0.22  0.49 -0.07 -2.41 
-1.39  0.47  0.00  1.24 -0.62 -2.08  0.30 -0.67 -0.97 -0.92 -2.17 -0.33  0.30 -0.70  0.50 
-0.12  0.96  1.24  0.00 -0.49  0.92 -0.03  0.72  1.15  0.74 -0.19 -0.30  0.19  2.06  0.17 
-0.23  0.05 -0.62 -0.49  0.00  1.48 -0.51  1.06 -0.20 -0.18 -1.53 -0.39 -0.81  0.80  0.21 
-0.40  0.52 -2.08  0.92  1.48  0.00  0.39 -2.00 -0.05  0.19  2.35 -1.28  2.07  0.38 -1.15 
 1.99 -2.30  0.30 -0.03 -0.51  0.39  0.00  0.24 -1.23 -0.41 -0.63  0.92  1.12  0.17  0.66 
-0.39  0.53 -0.67  0.72  1.06 -2.00  0.24  0.00 -0.62 -0.36 -1.60  0.92 -0.78 -0.09  0.58 
 1.28 -2.14 -0.97  1.15 -0.20 -0.05 -1.23 -0.62  0.00  1.93  2.07 -1.59 -0.95  0.21 -1.66 
 0.94 -1.14 -0.92  0.74 -0.18  0.19 -0.41 -0.36  1.93  0.00  0.67  0.40  0.97  1.57  0.65 
-1.17 -1.41 -2.17 -0.19 -1.53  2.35 -0.63 -1.60  2.07  0.67  0.00 -0.42 -0.28  1.68 -1.51 
 0.29  0.22 -0.33 -0.30 -0.39 -1.28  0.92  0.92 -1.59  0.40 -0.42  0.00  2.39 -0.86  0.76 
 0.39  0.49  0.30  0.19 -0.81  2.07  1.12 -0.78 -0.95  0.97 -0.28  2.39  0.00  0.09  0.02 
 0.97 -0.07 -0.70  2.06  0.80  0.38  0.17 -0.09  0.21  1.57  1.68 -0.86  0.09  0.00 -0.68 
-2.10 -2.41  0.50  0.17  0.21 -1.15  0.66  0.58 -1.66  0.65 -1.51  0.76  0.02 -0.68  0.00 

(0, 6) (0, 14) (1, 6) (8, 14) (1, 14) (8, 10) (8, 9) (2, 10) (5, 7) (2, 5) (11, 12) 
 0.00  0.66 -1.23 -0.37  0.30 -0.48  1.91 -0.78  1.39  1.60 -0.93  0.43  0.60  1.24 -1.94 
 0.66  0.00  0.54  0.21 -0.24  0.44 -1.96  1.03 -1.44 -1.58 -1.72  0.58  0.83 -0.01 -2.18 
-1.23  0.54  0.00  0.92 -0.97 -2.75  0.34 -0.27 -0.04 -1.26 -2.65 -0.51  0.88 -0.51  0.14 
-0.37  0.21  0.92  0.00 -1.19  1.00  0.22  0.39  0.58  0.12 -0.45 -0.63  0.45  1.85 -0.58 
 0.30 -0.24 -0.97 -1.19  0.00  1.52  0.06  0.81 -0.55 -0.40 -0.61 -1.10 -0.27  1.44  0.01 
-0.48  0.44 -2.75  1.00  1.52  0.00  0.19 -2.73 -0.15  0.41  1.15 -1.02  1.32  0.31 -0.15 
 1.91 -1.96  0.34  0.22  0.06  0.19  0.00  0.02 -0.63 -0.41 -0.95  0.39  1.25  0.76  0.34 
-0.78  1.03 -0.27  0.39  0.81 -2.73  0.02  0.00 -1.11 -0.26 -0.88  0.41 -0.64 -0.21  0.87 
 1.39 -1.44 -0.04  0.58 -0.55 -0.15 -0.63 -1.11  0.00  2.61  2.59 -1.30 -0.90  0.14 -2.01 
 1.60 -1.58 -1.26  0.12 -0.40  0.41 -0.41 -0.26  2.61  0.00  1.11  1.07  0.86  1.88  0.81 
-0.93 -1.72 -2.65 -0.45 -0.61  1.15 -0.95 -0.88  2.59  1.11  0.00 -0.95 -0.40  1.12 -0.76 
 0.43  0.58 -0.51 -0.63 -1.10 -1.02  0.39  0.41 -1.30  1.07 -0.95  0.00  2.76 -0.28 -0.86 
 0.60  0.83  0.88  0.45 -0.27  1.32  1.25 -0.64 -0.90  0.86 -0.40  2.76  0.00 -0.08  1.35 
 1.24 -0.01 -0.51  1.85  1.44  0.31  0.76 -0.21  0.14  1.88  1.12 -0.28 -0.08  0.00 -1.24 
-1.94 -2.18  0.14 -0.58  0.01 -0.15  0.34  0.87 -2.01  0.81 -0.76 -0.86  1.35 -1.24  0.00 

(2, 9) (9, 13) (8, 14) (2, 5) (1, 14) (0, 13) (11, 12) (5, 7) (8, 10) (8, 9) (2, 10) 
 0.00  1.03 -1.23  0.09 -0.08  0.38  1.31 -0.42  1.08  1.70 -0.38  0.59  0.51  2.56 -1.79 
 1.03  0.00  0.57 -0.10  0.19  0.78 -1.17  0.70 -1.39 -1.56 -1.78  0.50  0.47  0.25 -2.45 
-1.23  0.57  0.00 -0.01 -0.13 -2.32  0.17 -0.62 -0.40 -1.89 -3.08 -0.95  0.41 -0.76 -0.01 
 0.09 -0.10 -0.01  0.00 -0.12  1.05 -1.27  0.15 -0.83  1.37 -0.21 -0.54  0.05  1.23 -0.77 
-0.08  0.19 -0.13 -0.12  0.00  1.26  0.30  1.46 -0.42 -0.42 -1.04 -1.28 -0.41  1.47 -0.24 
 0.38  0.78 -2.32  1.05  1.26  0.00  0.06 -2.79 -0.19  0.46  1.52 -0.83  1.35 -0.57 -0.34 
 1.31 -1.17  0.17 -1.27  0.30  0.06  0.00  0.62 -0.68  0.01  0.25  0.29  0.97  1.21  0.54 
-0.42  0.70 -0.62  0.15  1.46 -2.79  0.62  0.00 -0.85 -0.45 -0.30  0.34 -0.70 -0.08  0.98 
 1.08 -1.39 -0.40 -0.83 -0.42 -0.19 -0.68 -0.85  0.00  2.89  2.82 -1.08 -0.83  0.15 -2.00 
 1.70 -1.56 -1.89  1.37 -0.42  0.46  0.01 -0.45  2.89  0.00  1.46  1.14  1.00  1.98  1.08 
-0.38 -1.78 -3.08 -0.21 -1.04  1.52  0.25 -0.30  2.82  1.46  0.00 -0.16 -0.82  1.74 -0.66 
 0.59  0.50 -0.95 -0.54 -1.28 -0.83  0.29  0.34 -1.08  1.14 -0.16  0.00  2.79  0.14 -0.28 
 0.51  0.47  0.41  0.05 -0.41  1.35  0.97 -0.70 -0.83  1.00 -0.82  2.79  0.00 -0.01  0.65 
 2.56  0.25 -0.76  1.23  1.47 -0.57  1.21 -0.08  0.15  1.98  1.74  0.14 -0.01  0.00 -1.16 
-1.79 -2.45 -0.01 -0.77 -0.24 -0.34  0.54  0.98 -2.00  1.08 -0.66 -0.28  0.65 -1.16  0.00 

(10, 13) (3, 13) (3, 9) (2, 10) (2, 5) (0, 14) (8, 9) (11, 12) (0, 13) (1, 8) (5, 7) 
 0.00  1.71 -0.96 -0.31 -0.95 -0.57  1.46 -0.31  0.60  1.66 -1.01 -0.24 -0.05  2.90 -2.47 
 1.71  0.00 -0.00  0.15 -0.53  0.86 -1.65  0.86 -2.91 -0.72 -0.94 -0.38  0.26  0.61 -1.96 
-0.96 -0.00  0.00  0.51 -0.63 -2.45 -0.15  0.21 -1.23 -1.84 -2.32 -0.91  0.48  0.16  0.03 
-0.31  0.15  0.51  0.00 -0.03  0.10  1.25  0.69 -0.47  2.31 -0.45 -0.19 -0.87  2.29  0.05 
-0.95 -0.53 -0.63 -0.03  0.00  1.66 -0.23  1.22 -0.23  0.09 -0.85 -0.95 -0.92  0.84 -0.64 
-0.57  0.86 -2.45  0.10  1.66  0.00  0.68 -3.35  1.91  0.91  0.27 -0.48  1.12  0.26 -0.04 
 1.46 -1.65 -0.15  1.25 -0.23  0.68  0.00  1.07 -1.23  0.62  1.16 -0.12  1.10  0.48  0.26 
-0.31  0.86  0.21  0.69  1.22 -3.35  1.07  0.00 -1.06  0.34 -0.05  0.54 -0.73 -0.82  1.08 
 0.60 -2.91 -1.23 -0.47 -0.23  1.91 -1.23 -1.06  0.00  2.71  2.22 -0.18 -0.16  0.84 -1.89 
 1.66 -0.72 -1.84  2.31  0.09  0.91  0.62  0.34  2.71  0.00  2.07 -0.02  1.00  1.60  0.46 
-1.01 -0.94 -2.32 -0.45 -0.85  0.27  1.16 -0.05  2.22  2.07  0.00 -0.11 -0.84  2.27 -0.21 
-0.24 -0.38 -0.91 -0.19 -0.95 -0.48 -0.12  0.54 -0.18 -0.02 -0.11  0.00  2.85 -0.09  0.77 
-0.05  0.26  0.48 -0.87 -0.92  1.12  1.10 -0.73 -0.16  1.00 -0.84  2.85  0.00  1.10 -0.40 
 2.90  0.61  0.16  2.29  0.84  0.26  0.48 -0.82  0.84  1.60  2.27 -0.09  1.10  0.00 -0.90 
-2.47 -1.96  0.03  0.05 -0.64 -0.04  0.26  1.08 -1.89  0.46 -0.21  0.77 -0.40 -0.90  0.00 

(5, 7) (2, 5) (0, 1) (8, 9) (0, 14) (9, 13) (5, 8) (11, 12) (0, 13) (3, 13) (1, 8) 
 0.00  2.19 -0.98 -0.93 -1.33 -1.51  1.26 -0.47 -0.05  1.02 -0.90 -0.06 -0.80  2.49 -2.30 
 2.19  0.00 -1.29  0.55 -0.44  0.98 -1.77  0.66 -3.30 -0.80 -0.37 -0.68  0.68  0.94 -1.94 
-0.98 -1.29  0.00  0.51 -0.79 -2.16 -0.40  0.29 -1.13 -1.24 -1.92 -0.39 -0.06 -0.23 -0.36 
-0.93  0.55  0.51  0.00 -0.09  0.34  0.48 -0.30 -0.15  1.33  0.04  0.29 -0.36  2.76  0.93 
-1.33 -0.44 -0.79 -0.09  0.00  2.06 -0.22  1.61  0.60  0.37 -1.77 -1.14 -0.14  0.42 -0.39 
-1.51  0.98 -2.16  0.34  2.06  0.00  1.27 -2.13  2.39  1.03 -0.17 -0.63  1.64  0.09  0.42 
 1.26 -1.77 -0.40  0.48 -0.22  1.27  0.00  1.38 -1.00  0.92 -0.63 -0.15  1.66  1.16  0.85 
-0.47  0.66  0.29 -0.30  1.61 -2.13  1.38  0.00 -0.56 -0.03 -1.22  1.20 -0.56 -1.79  0.36 
-0.05 -3.30 -1.13 -0.15  0.60  2.39 -1.00 -0.56  0.00  2.24  2.07 -0.59 -0.22  0.73 -0.77 
 1.02 -0.80 -1.24  1.33  0.37  1.03  0.92 -0.03  2.24  0.00  1.77  0.17  0.39  2.36 -0.10 
-0.90 -0.37 -1.92  0.04 -1.77 -0.17 -0.63 -1.22  2.07  1.77  0.00 -0.78 -0.34  0.76 -0.84 
-0.06 -0.68 -0.39  0.29 -1.14 -0.63 -0.15  1.20 -0.59  0.17 -0.78  0.00  2.40  0.39  0.99 
-0.80  0.68 -0.06 -0.36 -0.14  1.64  1.66 -0.56 -0.22  0.39 -0.34  2.40  0.00  1.80 -0.91 
 2.49  0.94 -0.23  2.76  0.42  0.09  1.16 -1.79  0.73  2.36  0.76  0.39  1.80  0.00 -0.58 
-2.30 -1.94 -0.36  0.93 -0.39  0.42  0.85  0.36 -0.77 -0.10 -0.84  0.99 -0.91 -0.58  0.00 

(5, 7) (2, 5) (3, 13) (8, 9) (5, 12) (0, 14) (0, 13) (4, 10) (2, 10) (1, 8) (9, 13) 
 0.00  1.57 -0.97 -1.20 -0.64 -0.40  0.87 -1.22 -0.22 -0.22  0.28  0.20 -0.18  2.11 -2.06 
 1.57  0.00 -0.34  0.52 -0.11  0.42 -1.33  1.38 -2.86  0.30  0.05 -0.25 -0.06  1.46 -1.21 
-0.97 -0.34  0.00  0.37 -1.02 -1.90 -0.28  0.17 -0.67 -0.74 -2.49 -0.08  0.37  0.81  0.21 
-1.20  0.52  0.37  0.00 -0.06  0.01  0.50 -0.91 -0.03  0.50 -0.05  0.50  0.27  1.91  0.10 
-0.64 -0.11 -1.02 -0.06  0.00  1.36 -0.08  0.39  0.71  1.01 -2.12 -1.04  0.90  0.35 -0.71 
-0.40  0.42 -1.90  0.01  1.36  0.00  0.63 -1.70  1.48 -0.01  0.39 -0.78  1.92 -0.91 -0.14 
 0.87 -1.33 -0.28  0.50 -0.08  0.63  0.00  1.33 -1.13  1.02 -1.66  0.66  1.11  1.44  0.53 
-1.22  1.38  0.17 -0.91  0.39 -1.70  1.33  0.00 -0.39  0.24 -1.50  1.59 -0.69 -0.82  0.22 
-0.22 -2.86 -0.67 -0.03  0.71  1.48 -1.13 -0.39  0.00  1.91  1.56  0.47  0.35  1.02 -0.08 
-0.22  0.30 -0.74  0.50  1.01 -0.01  1.02  0.24  1.91  0.00  1.30 -1.30  0.26  3.00 -0.25 
 0.28  0.05 -2.49 -0.05 -2.12  0.39 -1.66 -1.50  1.56  1.30  0.00 -0.79 -0.46 -0.06 -1.14 
 0.20 -0.25 -0.08  0.50 -1.04 -0.78  0.66  1.59  0.47 -1.30 -0.79  0.00  1.46  0.41  1.13 
-0.18 -0.06  0.37  0.27  0.90  1.92  1.11 -0.69  0.35  0.26 -0.46  1.46  0.00  0.63 -0.44 
 2.11  1.46  0.81  1.91  0.35 -0.91  1.44 -0.82  1.02  3.00 -0.06  0.41  0.63  0.00 -0.11 
-2.06 -1.21  0.21  0.10 -0.71 -0.14  0.53  0.22 -0.08 -0.25 -1.14  1.13 -0.44 -0.11  0.00 

(2, 5) (3, 13) (5, 7) (6, 10) (1, 6) (7, 12) (10, 13) (5, 8) (0, 14) (9, 13) (1, 8) 
 0.00  1.76 -1.07 -1.15 -0.04 -0.49  0.30 -1.27 -0.27 -0.29  0.14  0.01  0.09  1.41 -2.36 
 1.76  0.00 -0.46  0.94 -0.35  1.11 -1.87  1.67 -3.42 -0.49 -0.34  0.35  0.40  0.72 -1.11 
-1.07 -0.46  0.00  0.60 -0.55 -1.76 -0.18  0.01 -0.75 -0.40 -1.61 -0.03  0.13  1.12  0.55 
-1.15  0.94  0.60  0.00 -0.45  0.64  0.69 -0.25  0.65 -0.11 -0.19  0.85  1.08  1.80  0.34 
-0.04 -0.35 -0.55 -0.45  0.00  1.71 -0.20 -0.31  1.22  0.81 -1.53 -0.83 -0.09  0.93 -0.05 
-0.49  1.11 -1.76  0.64  1.71  0.00  0.68 -1.84  2.07 -0.32  0.73 -1.20  1.61 -0.58 -0.62 
 0.30 -1.87 -0.18  0.69 -0.20  0.68  0.00  0.93 -1.57  1.40 -1.84  1.12 -0.13  0.51  0.64 
-1.27  1.67  0.01 -0.25 -0.31 -1.84  0.93  0.00 -0.03  0.22 -1.05  1.67 -1.89 -0.10  0.54 
-0.27 -3.42 -0.75  0.65  1.22  2.07 -1.57 -0.03  0.00  1.55  0.92  0.23  0.74 -0.15 -0.99 
-0.29 -0.49 -0.40 -0.11  0.81 -0.32  1.40  0.22  1.55  0.00  0.85 -0.98 -1.12  3.22  0.20 
 0.14 -0.34 -1.61 -0.19 -1.53  0.73 -1.84 -1.05  0.92  0.85  0.00 -1.03 -0.24  1.95 -1.37 
 0.01  0.35 -0.03  0.85 -0.83 -1.20  1.12  1.67  0.23 -0.98 -1.03  0.00  1.02 -0.22  1.11 
 0.09  0.40  0.13  1.08 -0.09  1.61 -0.13 -1.89  0.74 -1.12 -0.24  1.02  0.00  0.82  0.59 
 1.41  0.72  1.12  1.80  0.93 -0.58  0.51 -0.10 -0.15  3.22  1.95 -0.22  0.82  0.00  0.02 
-2.36 -1.11  0.55  0.34 -0.05 -0.62  0.64  0.54 -0.99  0.20 -1.37  1.11  0.59  0.02  0.00 

(0, 1) (2, 10) (7, 11) (5, 7) (3, 13) (6, 10) (7, 12) (5, 8) (0, 14) (1, 6) (1, 8) 
 0.00  1.73 -0.84 -0.95  0.44 -0.72 -0.25 -0.54 -0.48  0.20  0.06  0.03  0.28  1.07 -2.12 
 1.73  0.00 -0.25  0.85 -0.06  1.07 -2.44  1.63 -3.58 -0.74 -0.92  0.43  0.50  0.51 -1.33 
-0.84 -0.25  0.00  0.39 -0.29 -1.44  0.28 -0.17 -0.75 -0.69 -1.75 -0.07 -0.19  0.67  0.49 
-0.95  0.85  0.39  0.00 -0.65  0.66  1.23 -0.64  0.23  0.07  0.21  0.98  0.70  1.97 -0.02 
 0.44 -0.06 -0.29 -0.65  0.00  1.11  0.17 -0.32  1.34  0.86 -1.52 -1.14 -0.87  0.90 -0.37 
-0.72  1.07 -1.44  0.66  1.11  0.00  1.37 -1.93  2.06 -0.18  1.21 -1.57  1.69 -0.00 -0.40 
-0.25 -2.44  0.28  1.23  0.17  1.37  0.00  1.12 -1.50  0.36 -1.99  1.60  0.47 -0.30  0.84 
-0.54  1.63 -0.17 -0.64 -0.32 -1.93  1.12  0.00  0.52  0.03 -1.56  1.83 -2.05 -0.31  1.56 
-0.48 -3.58 -0.75  0.23  1.34  2.06 -1.50  0.52  0.00  1.69  1.15  0.07 -0.15  0.44 -0.74 
 0.20 -0.74 -0.69  0.07  0.86 -0.18  0.36  0.03  1.69  0.00  0.77 -0.59 -0.91  1.66  0.09 
 0.06 -0.92 -1.75  0.21 -1.52  1.21 -1.99 -1.56  1.15  0.77  0.00 -0.10 -0.20  1.62 -1.32 
 0.03  0.43 -0.07  0.98 -1.14 -1.57  1.60  1.83  0.07 -0.59 -0.10  0.00  0.89 -0.71  1.04 
 0.28  0.50 -0.19  0.70 -0.87  1.69  0.47 -2.05 -0.15 -0.91 -0.20  0.89  0.00  1.19  0.53 
 1.07  0.51  0.67  1.97  0.90 -0.00 -0.30 -0.31  0.44  1.66  1.62 -0.71  1.19  0.00  0.18 
-2.12 -1.33  0.49 -0.02 -0.37 -0.40  0.84  1.56 -0.74  0.09 -1.32  1.04  0.53  0.18  0.00 

(10, 14) (7, 11) (2, 5) (5, 7) (0, 13) (2, 10) (6, 10) (8, 9) (3, 13) (1, 8) (1, 6) 
 0.00  0.94 -0.69 -0.62  0.47  0.40  0.06 -0.30 -0.47  0.50  0.36  0.15  0.39  2.23 -1.59 
 0.94  0.00 -0.54  0.32 -0.25  1.34 -3.21  1.24 -3.06 -1.53 -0.64  0.16  1.14 -0.10 -1.71 
-0.69 -0.54  0.00  0.22 -0.53 -1.99  0.15 -0.44 -0.84  0.09 -2.24 -0.23 -0.54  0.63  0.22 
-0.62  0.32  0.22  0.00  0.43  1.44  1.41 -0.37  0.15  0.25  0.26  0.43  0.73  2.62  0.20 
 0.47 -0.25 -0.53  0.43  0.00  1.11  0.34 -0.15  0.90  0.75 -0.90 -0.84 -1.44  1.09 -0.77 
 0.40  1.34 -1.99  1.44  1.11  0.00  1.44 -2.04  1.71  0.32  0.67 -0.81  1.29  0.19 -0.48 
 0.06 -3.21  0.15  1.41  0.34  1.44  0.00  0.99 -0.98 -0.61 -2.32  1.15  0.36  0.32  0.71 
-0.30  1.24 -0.44 -0.37 -0.15 -2.04  0.99  0.00  0.26 -0.26 -1.11  1.84 -1.31 -0.42  0.98 
-0.47 -3.06 -0.84  0.15  0.90  1.71 -0.98  0.26  0.00  2.49  1.79 -0.26 -0.23  0.76 -0.27 
 0.50 -1.53  0.09  0.25  0.75  0.32 -0.61 -0.26  2.49  0.00  0.60 -0.73 -0.03  1.31 -0.55 
 0.36 -0.64 -2.24  0.26 -0.90  0.67 -2.32 -1.11  1.79  0.60  0.00 -0.13  0.16  0.45 -1.82 
 0.15  0.16 -0.23  0.43 -0.84 -0.81  1.15  1.84 -0.26 -0.73 -0.13  0.00  1.63 -0.19  0.67 
 0.39  1.14 -0.54  0.73 -1.44  1.29  0.36 -1.31 -0.23 -0.03  0.16  1.63  0.00  1.67  0.16 
 2.23 -0.10  0.63  2.62  1.09  0.19  0.32 -0.42  0.76  1.31  0.45 -0.19  1.67  0.00 -0.66 
-1.59 -1.71  0.22  0.20 -0.77 -0.48  0.71  0.98 -0.27 -0.55 -1.82  0.67  0.16 -0.66  0.00 

(1, 9) (2, 10) (0, 13) (8, 9) (2, 5) (1, 14) (3, 13) (5, 12) (8, 10) (1, 6) (1, 8) 
 0.00  1.33 -1.28 -0.85  0.68 -0.43 -0.15 -0.45  1.15 -0.39 -0.34 -0.06 -0.13  2.06 -1.16 
 1.33  0.00 -0.43  1.67 -0.64  1.46 -2.90  1.78 -3.25 -1.96 -0.38  0.56  0.42  0.52 -2.16 
-1.28 -0.43  0.00  0.74 -1.62 -2.13  1.05 -1.24 -0.97 -0.01 -1.97 -0.61 -0.37  0.14  0.43 
-0.85  1.67  0.74  0.00  0.97  1.27  0.49  0.22  0.66  1.22 -0.50  0.24  0.42  2.16  0.44 
 0.68 -0.64 -1.62  0.97  0.00  1.45 -0.06  0.61  0.74  0.64 -1.09 -1.27 -0.64  1.16 -1.01 
-0.43  1.46 -2.13  1.27  1.45  0.00  1.66 -1.12  1.38  0.53  1.60 -1.33  2.24  0.78 -0.06 
-0.15 -2.90  1.05  0.49 -0.06  1.66  0.00  1.23 -0.77 -1.35 -1.84  0.16  1.35  0.58 -0.01 
-0.45  1.78 -1.24  0.22  0.61 -1.12  1.23  0.00  0.14 -0.18 -0.81  1.06 -0.96 -0.82  0.18 
 1.15 -3.25 -0.97  0.66  0.74  1.38 -0.77  0.14  0.00  2.08  2.83 -0.24  0.50  0.49 -0.89 
-0.39 -1.96 -0.01  1.22  0.64  0.53 -1.35 -0.18  2.08  0.00  0.33 -0.51 -0.35  1.10 -0.29 
-0.34 -0.38 -1.97 -0.50 -1.09  1.60 -1.84 -0.81  2.83  0.33  0.00 -0.10  0.66  0.70 -1.16 
-0.06  0.56 -0.61  0.24 -1.27 -1.33  0.16  1.06 -0.24 -0.51 -0.10  0.00  1.28 -0.31  0.62 
-0.13  0.42 -0.37  0.42 -0.64  2.24  1.35 -0.96  0.50 -0.35  0.66  1.28  0.00  1.71  0.82 
 2.06  0.52  0.14  2.16  1.16  0.78  0.58 -0.82  0.49  1.10  0.70 -0.31  1.71  0.00 -0.99 
-1.16 -2.16  0.43  0.44 -1.01 -0.06 -0.01  0.18 -0.89 -0.29 -1.16  0.62  0.82 -0.99  0.00 

(0, 13) (1, 9) (4, 5) (2, 10) (10, 14) (2, 5) (8, 10) (8, 9) (1, 6) (6, 12) (1, 8) 
 0.00  0.40 -1.56 -0.50 -1.20 -0.76  0.00 -0.48  0.16  0.83  0.59 -0.16 -1.13  1.89 -1.57 
 0.40  0.00 -0.11  1.22 -0.11  1.81 -2.67  0.30 -2.99 -1.89 -0.23  0.24  0.18 -0.01 -1.71 
-1.56 -0.11  0.00  0.75 -0.85 -2.32  1.53 -0.78 -0.68  0.15 -2.00 -0.21  0.17 -0.72  0.55 
-0.50  1.22  0.75  0.00 -0.08  0.64 -0.45  1.86  1.27  1.31  0.21 -0.13  1.63  1.04 -0.57 
-1.20 -0.11 -0.85 -0.08  0.00  1.94 -0.50  1.15  0.76  0.29 -1.56 -1.23 -0.44  0.96 -0.14 
-0.76  1.81 -2.32  0.64  1.94  0.00  1.74 -1.57  1.81 -0.23  0.48 -1.19  1.85  0.49 -1.29 
 0.00 -2.67  1.53 -0.45 -0.50  1.74  0.00  0.32 -1.52 -0.82 -0.86  0.14  2.87 -0.13  0.19 
-0.48  0.30 -0.78  1.86  1.15 -1.57  0.32  0.00 -0.16 -0.80 -0.36  1.53 -0.79 -1.37 -0.47 
 0.16 -2.99 -0.68  1.27  0.76  1.81 -1.52 -0.16  0.00  2.58  2.40 -0.66  0.62  0.43 -0.86 
 0.83 -1.89  0.15  1.31  0.29 -0.23 -0.82 -0.80  2.58  0.00  1.16  0.38 -0.19  0.67 -0.70 
 0.59 -0.23 -2.00  0.21 -1.56  0.48 -0.86 -0.36  2.40  1.16  0.00  0.33  0.40  1.27 -2.03 
-0.16  0.24 -0.21 -0.13 -1.23 -1.19  0.14  1.53 -0.66  0.38  0.33  0.00  1.46 -0.12  1.00 
-1.13  0.18  0.17  1.63 -0.44  1.85  2.87 -0.79  0.62 -0.19  0.40  1.46  0.00  0.59  0.03 
 1.89 -0.01 -0.72  1.04  0.96  0.49 -0.13 -1.37  0.43  0.67  1.27 -0.12  0.59  0.00 -0.82 
-1.57 -1.71  0.55 -0.57 -0.14 -1.29  0.19 -0.47 -0.86 -0.70 -2.03  1.00  0.03 -0.82  0.00 

(0, 6) (1, 6) (5, 6) (10, 13) (3, 12) (8, 10) (8, 9) (1, 8) (2, 10) (1, 14) (6, 12) 
 0.00 -0.06 -1.64 -1.27 -0.72 -0.66  1.69 -0.11  0.05  0.24 -0.07  0.28 -1.12  1.20 -1.15 
-0.06  0.00  0.30  0.88  0.67  1.56 -1.86  0.57 -2.43 -1.48 -0.05  0.05 -0.39 -0.05 -2.79 
-1.64  0.30  0.00  0.18 -0.52 -1.40 -0.16 -0.50 -0.24 -1.37 -2.46  0.06  0.88 -1.32  0.96 
-1.27  0.88  0.18  0.00 -0.33  0.74  0.05  1.40  1.40  1.19 -0.81  0.01  2.03  1.61 -0.29 
-0.72  0.67 -0.52 -0.33  0.00  1.30 -0.70  0.40  0.82  0.25 -1.44 -0.97  0.23  1.01  1.00 
-0.66  1.56 -1.40  0.74  1.30  0.00  1.92 -1.68  1.32  0.52  0.44 -0.69  1.67  0.92 -1.13 
 1.69 -1.86 -0.16  0.05 -0.70  1.92  0.00 -0.64 -0.89  0.12 -0.42  0.34  2.89 -0.17  0.06 
-0.11  0.57 -0.50  1.40  0.40 -1.68 -0.64  0.00 -0.60 -0.56 -0.70  1.32 -1.07 -1.13  0.29 
 0.05 -2.43 -0.24  1.40  0.82  1.32 -0.89 -0.60  0.00  2.41  2.40 -1.45 -0.20  1.14 -1.27 
 0.24 -1.48 -1.37  1.19  0.25  0.52  0.12 -0.56  2.41  0.00  1.05  0.48  0.11  0.51 -0.77 
-0.07 -0.05 -2.46 -0.81 -1.44  0.44 -0.42 -0.70  2.40  1.05  0.00  0.08  1.34  1.97 -0.92 
 0.28  0.05  0.06  0.01 -0.97 -0.69  0.34  1.32 -1.45  0.48  0.08  0.00  1.05  0.39  1.08 
-1.12 -0.39  0.88  2.03  0.23  1.67  2.89 -1.07 -0.20  0.11  1.34  1.05  0.00  0.42  0.30 
 1.20 -0.05 -1.32  1.61  1.01  0.92 -0.17 -1.13  1.14  0.51  1.97  0.39  0.42  0.00  0.04 
-1.15 -2.79  0.96 -0.29  1.00 -1.13  0.06  0.29 -1.27 -0.77 -0.92  1.08  0.30  0.04  0.00 

(11, 12) (10, 13) (7, 10) (2, 10) (7, 11) (0, 14) (8, 9) (8, 10) (6, 12) (1, 8) (1, 14) 
 0.00 -0.54 -1.46 -0.41 -0.00 -0.32  1.67 -0.33 -0.25 -0.68 -0.11  0.75 -0.60  0.64 -2.21 
-0.54  0.00 -0.51  0.20  0.41  1.82 -1.22  0.52 -2.62 -0.74  0.50  0.07 -0.98 -0.53 -2.78 
-1.46 -0.51  0.00  0.66 -0.36 -0.85 -0.65 -0.48 -0.72 -1.43 -2.14  0.34  0.42 -0.88  0.39 
-0.41  0.20  0.66  0.00 -0.29  1.04 -0.64  1.78 -0.16  0.02 -0.68  0.41  1.84  1.75 -0.75 
-0.00  0.41 -0.36 -0.29  0.00  1.07 -0.87  0.44  1.63  0.27 -1.11 -0.61  0.17  1.35  0.56 
-0.32  1.82 -0.85  1.04  1.07  0.00  1.33 -1.46  1.64  0.24  0.54 -0.40  1.47  1.07 -0.90 
 1.67 -1.22 -0.65 -0.64 -0.87  1.33  0.00 -0.55 -0.92  0.30 -0.28  0.45  2.53  0.17  0.30 
-0.33  0.52 -0.48  1.78  0.44 -1.46 -0.55  0.00 -0.21 -0.57 -1.91  2.17 -1.02 -0.99 -0.01 
-0.25 -2.62 -0.72 -0.16  1.63  1.64 -0.92 -0.21  0.00  2.43  2.49 -1.05 -0.33  1.37 -0.91 
-0.68 -0.74 -1.43  0.02  0.27  0.24  0.30 -0.57  2.43  0.00  0.80 -0.14 -0.37  0.14 -0.91 
-0.11  0.50 -2.14 -0.68 -1.11  0.54 -0.28 -1.91  2.49  0.80  0.00  0.75  1.11  1.85 -1.21 
 0.75  0.07  0.34  0.41 -0.61 -0.40  0.45  2.17 -1.05 -0.14  0.75  0.00  1.85  1.01  1.03 
-0.60 -0.98  0.42  1.84  0.17  1.47  2.53 -1.02 -0.33 -0.37  1.11  1.85  0.00  0.36  0.66 
 0.64 -0.53 -0.88  1.75  1.35  1.07  0.17 -0.99  1.37  0.14  1.85  1.01  0.36  0.00  0.37 
-2.21 -2.78  0.39 -0.75  0.56 -0.90  0.30 -0.01 -0.91 -0.91 -1.21  1.03  0.66  0.37  0.00 

(6, 12) (11, 12) (7, 11) (4, 8) (8, 10) (7, 10) (1, 14) (8, 9) (0, 14) (2, 10) (1, 8) 
 0.00 -0.15 -1.29 -0.44 -0.19  0.75  1.29  0.10 -0.64  0.03 -0.27  0.54  0.19  0.81 -2.82 
-0.15  0.00 -0.46  0.08 -0.16  1.67 -1.53  0.68 -3.31 -0.15 -0.11  0.37  0.09 -0.29 -2.36 
-1.29 -0.46  0.00  0.70 -0.77 -1.18 -0.82 -0.10 -0.67 -0.96 -2.89  0.35  0.10 -0.62  0.05 
-0.44  0.08  0.70  0.00 -0.13  1.35 -0.09  1.01 -0.11  0.10 -0.31  0.47  1.24  1.51  0.13 
-0.19 -0.16 -0.77 -0.13  0.00  1.25 -0.30  0.74  2.07  0.16 -0.92 -1.19  0.34  1.42  0.59 
 0.75  1.67 -1.18  1.35  1.25  0.00  1.50 -1.80  1.86  0.42  0.93 -0.78  1.17  0.93 -0.64 
 1.29 -1.53 -0.82 -0.09 -0.30  1.50  0.00 -0.67 -1.08  0.08 -0.91  0.31  1.94  0.18  0.06 
 0.10  0.68 -0.10  1.01  0.74 -1.80 -0.67  0.00 -0.39 -0.41 -2.34  2.06 -1.39 -0.58  0.49 
-0.64 -3.31 -0.67 -0.11  2.07  1.86 -1.08 -0.39  0.00  2.61  2.26 -1.40 -0.69  0.83 -1.13 
 0.03 -0.15 -0.96  0.10  0.16  0.42  0.08 -0.41  2.61  0.00  0.50  0.02 -0.29  0.22 -0.93 
-0.27 -0.11 -2.89 -0.31 -0.92  0.93 -0.91 -2.34  2.26  0.50  0.00  0.49  0.02  0.93 -1.07 
 0.54  0.37  0.35  0.47 -1.19 -0.78  0.31  2.06 -1.40  0.02  0.49  0.00  1.97 -0.15  0.55 
 0.19  0.09  0.10  1.24  0.34  1.17  1.94 -1.39 -0.69 -0.29  0.02  1.97  0.00  1.17  0.18 
 0.81 -0.29 -0.62  1.51  1.42  0.93  0.18 -0.58  0.83  0.22  0.93 -0.15  1.17  0.00 -0.05 
-2.82 -2.36  0.05  0.13  0.59 -0.64  0.06  0.49 -1.13 -0.93 -1.07  0.55  0.18 -0.05  0.00 

(5, 7) (6, 8) (2, 5) (4, 10) (1, 8) (7, 10) (4, 5) (8, 10) (2, 10) (8, 9) (0, 14) 
 0.00 -0.50 -1.05 -0.90 -0.32  0.35  0.96 -0.00 -1.08 -0.14 -0.29  0.09 -0.40  1.22 -3.37 
-0.50  0.00  0.53  0.78  0.22  0.80 -1.78  0.75 -2.02 -0.46 -0.36  0.65 -0.08  0.69 -1.78 
-1.05  0.53  0.00  0.39 -0.95 -1.89 -0.57  0.26  0.45 -0.35 -2.77  0.24  0.50 -0.11  0.03 
-0.90  0.78  0.39  0.00  1.51  1.15  0.66  0.92 -0.16  0.15 -0.91  0.20  0.21  1.45 -0.01 
-0.32  0.22 -0.95  1.51  0.00  2.18 -0.07  1.00  1.55  0.27 -1.98 -0.54  0.88  1.45  0.80 
 0.35  0.80 -1.89  1.15  2.18  0.00  1.73 -1.79  1.29 -0.40 -0.14 -1.31  1.01 -0.07 -0.74 
 0.96 -1.78 -0.57  0.66 -0.07  1.73  0.00 -0.00 -1.85  0.51  0.18  0.48  1.73  0.37 -0.02 
-0.00  0.75  0.26  0.92  1.00 -1.79 -0.00  0.00 -0.95 -0.66 -2.02  1.69 -0.72 -0.21  0.96 
-1.08 -2.02  0.45 -0.16  1.55  1.29 -1.85 -0.95  0.00  2.92  2.45 -1.02 -1.04  0.75 -1.52 
-0.14 -0.46 -0.35  0.15  0.27 -0.40  0.51 -0.66  2.92  0.00  1.04 -0.08 -0.43  1.25 -0.43 
-0.29 -0.36 -2.77 -0.91 -1.98 -0.14  0.18 -2.02  2.45  1.04  0.00  0.57 -0.36  0.82 -0.74 
 0.09  0.65  0.24  0.20 -0.54 -1.31  0.48  1.69 -1.02 -0.08  0.57  0.00  1.36 -0.50 -0.46 
-0.40 -0.08  0.50  0.21  0.88  1.01  1.73 -0.72 -1.04 -0.43 -0.36  1.36  0.00  0.49  0.05 
 1.22  0.69 -0.11  1.45  1.45 -0.07  0.37 -0.21  0.75  1.25  0.82 -0.50  0.49  0.00 -0.20 
-3.37 -1.78  0.03 -0.01  0.80 -0.74 -0.02  0.96 -1.52 -0.43 -0.74 -0.46  0.05 -0.20  0.00 

(1, 8) (8, 10) (5, 6) (2, 10) (3, 4) (1, 6) (8, 14) (2, 5) (0, 14) (4, 5) (8, 9) 
 0.00  0.57 -0.44 -1.12 -0.81 -0.19  1.36 -0.68 -0.95 -0.17 -0.85 -0.57 -0.83  0.32 -2.83 
 0.57  0.00  0.48  1.22 -0.15  0.72 -2.14  0.57 -1.88 -0.30  0.25  1.11  1.35  0.86 -1.71 
-0.44  0.48  0.00  0.21 -1.18 -2.79 -0.07  0.39  0.64 -0.43 -2.08  0.16  0.90  0.51  0.87 
-1.12  1.22  0.21  0.00  2.10  0.72  1.60  1.27  0.34  1.49 -1.62 -0.30 -0.19  1.78  0.24 
-0.81 -0.15 -1.18  2.10  0.00  2.92  0.71  1.29  1.29  0.50 -1.54 -0.59  0.52  1.71  1.04 
-0.19  0.72 -2.79  0.72  2.92  0.00  2.03 -1.46  1.02 -0.69 -0.71 -1.71  0.56 -0.69 -0.98 
 1.36 -2.14 -0.07  1.60  0.71  2.03  0.00  0.39 -1.36  0.22  1.27  0.06  1.75  0.67 -0.09 
-0.68  0.57  0.39  1.27  1.29 -1.46  0.39  0.00 -0.46 -0.53 -1.66  1.53 -0.40 -0.22  0.95 
-0.95 -1.88  0.64  0.34  1.29  1.02 -1.36 -0.46  0.00  2.96  1.93 -1.48 -1.14  0.17 -2.16 
-0.17 -0.30 -0.43  1.49  0.50 -0.69  0.22 -0.53  2.96  0.00  1.37  0.21  0.32  1.79 -0.03 
-0.85  0.25 -2.08 -1.62 -1.54 -0.71  1.27 -1.66  1.93  1.37  0.00  0.25 -0.43  0.89 -1.20 
-0.57  1.11  0.16 -0.30 -0.59 -1.71  0.06  1.53 -1.48  0.21  0.25  0.00  0.82 -0.52 -1.19 
-0.83  1.35  0.90 -0.19  0.52  0.56  1.75 -0.40 -1.14  0.32 -0.43  0.82  0.00 -0.83 -0.77 
 0.32  0.86  0.51  1.78  1.71 -0.69  0.67 -0.22  0.17  1.79  0.89 -0.52 -0.83  0.00 -0.27 
-2.83 -1.71  0.87  0.24  1.04 -0.98 -0.09  0.95 -2.16 -0.03 -1.20 -1.19 -0.77 -0.27  0.00 

(1, 8) (5, 6) (7, 10) (3, 13) (6, 10) (2, 10) (1, 6) (1, 14) (4, 5) (0, 14) (8, 9) 
 0.00  1.19 -0.65 -1.17 -0.38 -0.70  0.77 -0.68 -0.96  0.34 -0.93 -0.53 -0.96  0.52 -2.48 
 1.19  0.00 -0.57  0.84  0.08  0.54 -2.23  0.27 -1.99 -1.10  0.62  1.13  0.94  0.22 -2.35 
-0.65 -0.57  0.00  0.00 -0.96 -1.90 -0.43  0.59  0.81 -0.31 -2.17  0.12  0.97  0.79  0.65 
-1.17  0.84  0.00  0.00  1.17  1.04  0.07  0.58  0.02  1.31 -1.79 -0.19 -0.12  2.07 -0.01 
-0.38  0.08 -0.96  1.17  0.00  2.36  0.60  0.49  1.58 -0.12 -0.61 -0.95 -0.05  1.81  0.63 
-0.70  0.54 -1.90  1.04  2.36  0.00  2.02 -1.33  0.96  0.05 -0.33 -0.84  1.27 -0.02 -0.34 
 0.77 -2.23 -0.43  0.07  0.60  2.02  0.00 -0.17 -1.26 -0.92  2.11  0.22  1.85  0.18 -0.09 
-0.68  0.27  0.59  0.58  0.49 -1.33 -0.17  0.00 -0.22  0.11 -2.02  1.51 -0.56 -0.86  0.86 
-0.96 -1.99  0.81  0.02  1.58  0.96 -1.26 -0.22  0.00  3.07  1.60 -1.88 -1.27  0.46 -1.93 
 0.34 -1.10 -0.31  1.31 -0.12  0.05 -0.92  0.11  3.07  0.00  1.37  0.27  0.65  1.36 -0.32 
-0.93  0.62 -2.17 -1.79 -0.61 -0.33  2.11 -2.02  1.60  1.37  0.00 -0.11 -0.71  1.73 -1.15 
-0.53  1.13  0.12 -0.19 -0.95 -0.84  0.22  1.51 -1.88  0.27 -0.11  0.00  1.18  0.29 -0.66 
-0.96  0.94  0.97 -0.12 -0.05  1.27  1.85 -0.56 -1.27  0.65 -0.71  1.18  0.00 -0.29 -0.55 
 0.52  0.22  0.79  2.07  1.81 -0.02  0.18 -0.86  0.46  1.36  1.73  0.29 -0.29  0.00 -0.69 
-2.48 -2.35  0.65 -0.01  0.63 -0.34 -0.09  0.86 -1.93 -0.32 -1.15 -0.66 -0.55 -0.69  0.00 

(1, 5) (1, 8) (2, 10) (5, 12) (4, 8) (10, 14) (11, 12) (1, 14) (5, 6) (1, 6) (8, 9) 
 0.00  0.80 -0.77 -1.10  0.37 -0.40  0.38 -1.08 -1.37 -0.53 -0.67 -0.31 -0.49  0.38 -1.37 
 0.80  0.00 -1.06  0.51  0.77  1.68 -3.16  0.98 -1.69 -0.95 -1.28  1.37 -0.13  0.27 -2.02 
-0.77 -1.06  0.00  0.54 -0.63 -1.53 -0.90  0.19 -0.16 -0.33 -1.71  0.17  1.00  0.06  0.17 
-1.10  0.51  0.54  0.00 -0.96  1.03 -0.08  0.32  0.11  0.89 -0.61 -0.09  0.75  1.09  0.19 
 0.37  0.77 -0.63 -0.96  0.00  1.45  0.69  0.10  1.84  0.41 -1.11 -1.37 -0.07  0.84  0.37 
-0.40  1.68 -1.53  1.03  1.45  0.00  2.63 -0.96  1.09  0.30  0.72 -0.35  1.77  0.52 -0.79 
 0.38 -3.16 -0.90 -0.08  0.69  2.63  0.00 -0.55 -0.93 -0.45  0.35  0.78  1.55  0.09 -0.35 
-1.08  0.98  0.19  0.32  0.10 -0.96 -0.55  0.00 -0.08  0.18 -0.80  0.84 -1.10 -0.69  0.12 
-1.37 -1.69 -0.16  0.11  1.84  1.09 -0.93 -0.08  0.00  3.61  0.56 -1.50 -0.30  0.61 -1.65 
-0.53 -0.95 -0.33  0.89  0.41  0.30 -0.45  0.18  3.61  0.00  0.81 -0.13  0.36  1.50  0.09 
-0.67 -1.28 -1.71 -0.61 -1.11  0.72  0.35 -0.80  0.56  0.81  0.00 -0.55 -0.86  1.41 -1.85 
-0.31  1.37  0.17 -0.09 -1.37 -0.35  0.78  0.84 -1.50 -0.13 -0.55  0.00  1.98  0.18 -0.02 
-0.49 -0.13  1.00  0.75 -0.07  1.77  1.55 -1.10 -0.30  0.36 -0.86  1.98  0.00 -0.19  0.48 
 0.38  0.27  0.06  1.09  0.84  0.52  0.09 -0.69  0.61  1.50  1.41  0.18 -0.19  0.00 -1.01 
-1.37 -2.02  0.17  0.19  0.37 -0.79 -0.35  0.12 -1.65  0.09 -1.85 -0.02  0.48 -1.01  0.00 

(1, 14) (0, 8) (3, 12) (4, 5) (6, 12) (1, 8) (9, 13) (1, 5) (5, 6) (1, 6) (8, 9) 
 0.00  0.82 -0.89 -1.39  0.49 -0.73  0.25 -1.06 -1.65  0.43 -0.98 -0.10 -0.29  0.30 -0.33 
 0.82  0.00 -0.42  0.31  0.44  1.97 -3.12  0.94 -1.82 -1.34 -1.38  1.19 -0.13  0.15 -1.59 
-0.89 -0.42  0.00  0.90 -0.41 -0.88 -0.37  0.49 -0.42  0.34 -0.81  0.23  0.91  0.76  0.29 
-1.39  0.31  0.90  0.00 -0.77  1.15 -0.09 -0.15  0.52  0.33 -0.51  0.84  1.66  0.34  0.22 
 0.49  0.44 -0.41 -0.77  0.00  1.75  0.30  0.09  1.51  0.76 -1.39 -1.15  0.87 -0.18 -0.19 
-0.73  1.97 -0.88  1.15  1.75  0.00  2.90 -1.33  0.51  0.53  0.45 -0.61  1.35  0.62 -1.21 
 0.25 -3.12 -0.37 -0.09  0.30  2.90  0.00 -0.37 -1.35 -0.49 -0.22  1.02  1.77 -0.01  0.15 
-1.06  0.94  0.49 -0.15  0.09 -1.33 -0.37  0.00  0.29 -0.58 -0.78  0.97 -0.82 -0.44  0.46 
-1.65 -1.82 -0.42  0.52  1.51  0.51 -1.35  0.29  0.00  3.42  0.50 -0.15  0.72  0.51 -1.24 
 0.43 -1.34  0.34  0.33  0.76  0.53 -0.49 -0.58  3.42  0.00  0.49 -0.15  0.44  1.92  0.37 
-0.98 -1.38 -0.81 -0.51 -1.39  0.45 -0.22 -0.78  0.50  0.49  0.00 -0.95 -1.32  1.26 -0.71 
-0.10  1.19  0.23  0.84 -1.15 -0.61  1.02  0.97 -0.15 -0.15 -0.95  0.00  1.51  0.21  0.16 
-0.29 -0.13  0.91  1.66  0.87  1.35  1.77 -0.82  0.72  0.44 -1.32  1.51  0.00  0.59  0.55 
 0.30  0.15  0.76  0.34 -0.18  0.62 -0.01 -0.44  0.51  1.92  1.26  0.21  0.59  0.00 -1.19 
-0.33 -1.59  0.29  0.22 -0.19 -1.21  0.15  0.46 -1.24  0.37 -0.71  0.16  0.55 -1.19  0.00 

(6, 12) (3, 5) (2, 5) (4, 11) (1, 8) (10, 13) (4, 5) (1, 6) (0, 3) (9, 13) (8, 9) 
 0.00  0.83 -0.75 -2.23 -0.41 -0.00  0.50 -0.91 -1.26  1.00 -1.10  0.12 -0.49  0.69 -1.16 
 0.83  0.00  0.13  0.69 -0.06  1.19 -2.14  0.97 -1.84 -0.79 -0.96  0.99 -0.19  0.66 -1.46 
-0.75  0.13  0.00  0.03 -1.25 -1.83 -0.42  0.25  0.07 -0.75 -0.35 -0.09  0.65 -0.07  0.67 
-2.23  0.69  0.03  0.00 -1.09  1.77 -0.65 -0.39  1.13  0.32 -0.39  0.15  0.97  0.86 -0.05 
-0.41 -0.06 -1.25 -1.09  0.00  2.11 -0.11  0.47  1.04  0.23 -1.01 -1.84  0.71  0.09 -0.16 
-0.00  1.19 -1.83  1.77  2.11  0.00  1.73 -1.31  1.28  0.20  1.50 -1.18  0.75  0.35 -0.96 
 0.50 -2.14 -0.42 -0.65 -0.11  1.73  0.00 -0.74 -0.83  0.09 -0.50  0.74  1.75  0.43 -0.15 
-0.91  0.97  0.25 -0.39  0.47 -1.31 -0.74  0.00  0.43 -1.26 -1.13  1.02 -0.65 -0.33  0.47 
-1.26 -1.84  0.07  1.13  1.04  1.28 -0.83  0.43  0.00  3.33  1.71 -0.46  0.39  0.33 -0.58 
 1.00 -0.79 -0.75  0.32  0.23  0.20  0.09 -1.26  3.33  0.00 -0.08  0.27  0.96  2.64 -0.01 
-1.10 -0.96 -0.35 -0.39 -1.01  1.50 -0.50 -1.13  1.71 -0.08  0.00 -0.63 -0.38  1.93 -0.89 
 0.12  0.99 -0.09  0.15 -1.84 -1.18  0.74  1.02 -0.46  0.27 -0.63  0.00  1.57 -0.00 -0.36 
-0.49 -0.19  0.65  0.97  0.71  0.75  1.75 -0.65  0.39  0.96 -0.38  1.57  0.00  1.04  0.96 
 0.69  0.66 -0.07  0.86  0.09  0.35  0.43 -0.33  0.33  2.64  1.93 -0.00  1.04  0.00 -1.28 
-1.16 -1.46  0.67 -0.05 -0.16 -0.96 -0.15  0.47 -0.58 -0.01 -0.89 -0.36  0.96 -1.28  0.00 

(5, 7) (3, 5) (2, 5) (1, 14) (4, 5) (10, 13) (9, 13) (5, 6) (8, 9) (1, 8) (1, 6) 
 0.00  1.58 -0.69 -1.95  0.20 -0.40  0.06 -0.52 -0.22  0.46 -1.74  0.00  0.37  0.50 -1.34 
 1.58  0.00 -0.55  0.64 -0.45  0.91 -3.06  1.01 -2.74 -1.25 -0.49  0.40 -0.42 -0.11 -2.18 
-0.69 -0.55  0.00 -0.10 -1.58 -2.09 -0.59  0.10 -0.02 -1.14 -1.21  0.16  0.42 -0.33 -0.06 
-1.95  0.64 -0.10  0.00 -0.02  2.07 -0.36 -0.20  0.50  0.22 -0.29  0.22  1.00  0.44  0.66 
 0.20 -0.45 -1.58 -0.02  0.00  2.23 -0.43  0.13  0.74  0.72 -1.24 -0.85 -0.13  0.25 -0.06 
-0.40  0.91 -2.09  2.07  2.23  0.00  2.31 -2.00  1.08  0.69  1.58 -1.06  0.82  1.07  0.10 
 0.06 -3.06 -0.59 -0.36 -0.43  2.31  0.00  0.07 -1.23 -0.15  0.84  1.25  1.96  0.03 -0.13 
-0.52  1.01  0.10 -0.20  0.13 -2.00  0.07  0.00  0.16 -0.66 -0.85  1.18 -0.64 -0.52  0.95 
-0.22 -2.74 -0.02  0.50  0.74  1.08 -1.23  0.16  0.00  2.50  1.61 -0.36 -0.29  0.37 -0.89 
 0.46 -1.25 -1.14  0.22  0.72  0.69 -0.15 -0.66  2.50  0.00  0.58 -0.18  0.24  2.30 -0.77 
-1.74 -0.49 -1.21 -0.29 -1.24  1.58  0.84 -0.85  1.61  0.58  0.00 -0.20 -0.06  2.26 -1.07 
 0.00  0.40  0.16  0.22 -0.85 -1.06  1.25  1.18 -0.36 -0.18 -0.20  0.00  1.95  0.48  0.08 
 0.37 -0.42  0.42  1.00 -0.13  0.82  1.96 -0.64 -0.29  0.24 -0.06  1.95  0.00  0.79  0.83 
 0.50 -0.11 -0.33  0.44  0.25  1.07  0.03 -0.52  0.37  2.30  2.26  0.48  0.79  0.00 -0.79 
-1.34 -2.18 -0.06  0.66 -0.06  0.10 -0.13  0.95 -0.89 -0.77 -1.07  0.08  0.83 -0.79  0.00 

(8, 9) (0, 3) (2, 10) (9, 13) (5, 11) (1, 14) (2, 5) (5, 6) (6, 12) (0, 1) (1, 6) 
 0.00  2.84 -0.39 -1.98  0.44 -1.23  1.11 -0.45 -0.18  1.68 -1.56  0.44 -0.19  0.99 -1.41 
 2.84  0.00 -0.15  1.28 -0.11  1.15 -3.30 -0.30 -1.94 -0.53 -0.41  0.47 -0.23  0.04 -2.08 
-0.39 -0.15  0.00  0.13 -1.07 -2.29 -1.54  0.26  0.03 -1.47 -1.98  0.12  0.26 -0.30 -0.23 
-1.98  1.28  0.13  0.00 -0.48  1.27  0.01  0.16  0.62 -0.34 -0.59 -0.28  0.44  1.63  0.57 
 0.44 -0.11 -1.07 -0.48  0.00  1.93 -0.04  0.75  0.63  0.53 -0.44 -1.70 -0.88  1.04 -0.09 
-1.23  1.15 -2.29  1.27  1.93  0.00  2.42 -1.28  0.80 -0.07  1.23 -2.08 -0.20  0.52  0.39 
 1.11 -3.30 -1.54  0.01 -0.04  2.42  0.00 -0.27 -0.62 -0.32  0.65  1.83  2.54 -0.19 -0.02 
-0.45 -0.30  0.26  0.16  0.75 -1.28 -0.27  0.00 -0.15 -0.92 -0.09  1.24 -0.45 -0.82  0.43 
-0.18 -1.94  0.03  0.62  0.63  0.80 -0.62 -0.15  0.00  1.95  1.03  0.02 -0.79  1.26 -0.91 
 1.68 -0.53 -1.47 -0.34  0.53 -0.07 -0.32 -0.92  1.95  0.00  0.69 -0.03  1.23  2.05 -0.85 
-1.56 -0.41 -1.98 -0.59 -0.44  1.23  0.65 -0.09  1.03  0.69  0.00 -1.00 -0.83  1.32 -0.84 
 0.44  0.47  0.12 -0.28 -1.70 -2.08  1.83  1.24  0.02 -0.03 -1.00  0.00  1.48 -0.57  1.37 
-0.19 -0.23  0.26  0.44 -0.88 -0.20  2.54 -0.45 -0.79  1.23 -0.83  1.48  0.00  0.83  1.23 
 0.99  0.04 -0.30  1.63  1.04  0.52 -0.19 -0.82  1.26  2.05  1.32 -0.57  0.83  0.00 -0.32 
-1.41 -2.08 -0.23  0.57 -0.09  0.39 -0.02  0.43 -0.91 -0.85 -0.84  1.37  1.23 -0.32  0.00 

(0, 5) (0, 9) (4, 11) (4, 5) (8, 9) (1, 8) (0, 3) (5, 11) (0, 1) (2, 10) (1, 6) 
 0.00  2.94 -0.35 -2.27  0.26 -1.95  0.90 -0.56 -0.44  2.00 -1.50  0.59 -0.44  1.73 -0.75 
 2.94  0.00 -0.25  1.68 -0.21  1.08 -3.37 -0.63 -2.22 -0.79 -0.72  1.30 -0.21  0.31 -1.17 
-0.35 -0.25  0.00 -0.04 -0.71 -1.72 -0.95  0.27  0.36 -1.02 -3.35 -0.13  0.23  0.61  0.20 
-2.27  1.68 -0.04  0.00 -0.51  1.04  0.48  0.44  1.18  0.31 -0.26 -0.26  1.39  1.75  0.63 
 0.26 -0.21 -0.71 -0.51  0.00  2.13  0.40  0.41  0.94  0.62 -0.69 -2.07  0.00  1.02 -0.38 
-1.95  1.08 -1.72  1.04  2.13  0.00  1.95 -0.93  0.63 -0.21  1.95 -2.75  0.26  0.53 -0.28 
 0.90 -3.37 -0.95  0.48  0.40  1.95  0.00  0.46 -0.29 -0.75  0.02  0.93  1.66 -0.03 -0.29 
-0.56 -0.63  0.27  0.44  0.41 -0.93  0.46  0.00 -0.14 -0.59 -0.06  1.31 -0.55 -0.71  0.48 
-0.44 -2.22  0.36  1.18  0.94  0.63 -0.29 -0.14  0.00  2.15  0.17  0.36 -0.26  1.48 -0.95 
 2.00 -0.79 -1.02  0.31  0.62 -0.21 -0.75 -0.59  2.15  0.00  1.45 -0.16  0.23  0.86 -0.38 
-1.50 -0.72 -3.35 -0.26 -0.69  1.95  0.02 -0.06  0.17  1.45  0.00 -1.32  0.31  0.62 -1.79 
 0.59  1.30 -0.13 -0.26 -2.07 -2.75  0.93  1.31  0.36 -0.16 -1.32  0.00  1.61  0.09  1.21 
-0.44 -0.21  0.23  1.39  0.00  0.26  1.66 -0.55 -0.26  0.23  0.31  1.61  0.00  0.51  0.30 
 1.73  0.31  0.61  1.75  1.02  0.53 -0.03 -0.71  1.48  0.86  0.62  0.09  0.51  0.00 -0.55 
-0.75 -1.17  0.20  0.63 -0.38 -0.28 -0.29  0.48 -0.95 -0.38 -1.79  1.21  0.30 -0.55  0.00 

(4, 5) (11, 12) (8, 10) (5, 7) (2, 5) (0, 14) (1, 14) (2, 10) (1, 6) (8, 9) (1, 8) 
 0.00  1.06 -1.01 -0.91 -0.16 -0.42  0.95 -0.50 -0.16  0.55 -0.58  0.10 -0.21  1.35 -1.94 
 1.06  0.00 -0.16  0.71 -0.08  1.12 -2.33  0.75 -2.52 -0.97 -0.66  0.46  0.28  0.26 -1.98 
-1.01 -0.16  0.00  0.42 -0.78 -1.91 -0.22 -0.09 -0.43 -0.75 -2.07 -0.15  0.36 -0.05  0.28 
-0.91  0.71  0.42  0.00 -0.03  0.96  0.27  0.36  0.36  0.69 -0.38  0.07  0.59  1.68  0.10 
-0.16 -0.08 -0.78 -0.03  0.00  1.69 -0.06  0.62  0.83  0.33 -1.30 -1.09 -0.16  0.92 -0.03 
-0.42  1.12 -1.91  0.96  1.69  0.00  1.46 -1.81  1.17  0.25  0.89 -1.06  1.40  0.23 -0.52 
 0.95 -2.33 -0.22  0.27 -0.06  1.46  0.00  0.25 -1.05 -0.12 -0.33  0.66  1.59  0.32  0.25 
-0.50  0.75 -0.09  0.36  0.62 -1.81  0.25  0.00 -0.29 -0.33 -1.12  1.29 -0.89 -0.59  0.63 
-0.16 -2.52 -0.43  0.36  0.83  1.17 -1.05 -0.29  0.00  2.47  1.75 -0.68 -0.31  0.64 -1.23 
 0.55 -0.97 -0.75  0.69  0.33  0.25 -0.12 -0.33  2.47  0.00  0.96 -0.02  0.32  1.61 -0.10 
-0.58 -0.66 -2.07 -0.38 -1.30  0.89 -0.33 -1.12  1.75  0.96  0.00 -0.33 -0.20  1.32 -1.14 
 0.10  0.46 -0.15  0.07 -1.09 -1.06  0.66  1.29 -0.68 -0.02 -0.33  0.00  1.71 -0.08  0.48 
-0.21  0.28  0.36  0.59 -0.16  1.40  1.59 -0.89 -0.31  0.32 -0.20  1.71  0.00  0.59  0.23 
 1.35  0.26 -0.05  1.68  0.92  0.23  0.32 -0.59  0.64  1.61  1.32 -0.08  0.59  0.00 -0.47 
-1.94 -1.98  0.28  0.10 -0.03 -0.52  0.25  0.63 -1.23 -0.10 -1.14  0.48  0.23 -0.47  0.00 
