(8, 14) (9, 13) (11, 12) (8, 10) (6, 12) (5, 7) (1, 6) (2, 5) (1, 8) (2, 10) (8, 9) 
 0.00  1.97 -1.21 -1.61 -1.78 -1.30  1.64  0.41 -1.06  2.04 -1.20 -0.05  0.76  2.67 -2.73 
 1.97  0.00 -2.07  1.01 -0.06  0.83 -4.06  1.14 -4.50 -1.72 -2.99  1.17  0.49 -0.49 -2.55 
-1.21 -2.07  0.00  0.57 -1.14 -4.39 -0.49 -0.67  1.38 -2.00 -4.54 -0.22  0.16 -0.27  0.59 
-1.61  1.01  0.57  0.00 -0.98  0.64 -0.21  1.43  1.29  0.53 -0.35 -0.46  1.24  2.80  0.27 
-1.78 -0.06 -1.14 -0.98  0.00  2.53 -0.01  1.53  0.93  0.52 -2.88 -1.82 -1.60  1.30  0.37 
-1.30  0.83 -4.39  0.64  2.53  0.00  2.86 -3.96  2.78 -0.30  0.81 -1.98  0.58  1.02  0.31 
 1.64 -4.06 -0.49 -0.21 -0.01  2.86  0.00  0.42 -2.56  0.09 -0.16  1.31  3.44  1.36  0.03 
 0.41  1.14 -0.67  1.43  1.53 -3.96  0.42  0.00 -0.19 -0.41 -0.91  1.29 -1.31 -0.43  1.24 
-1.06 -4.50  1.38  1.29  0.93  2.78 -2.56 -0.19  0.00  5.16  3.38 -1.34  0.38  0.79 -3.06 
 2.04 -1.72 -2.00  0.53  0.52 -0.30  0.09 -0.41  5.16  0.00  0.37  0.85  0.10  3.19  0.36 
-1.20 -2.99 -4.54 -0.35 -2.88  0.81 -0.16 -0.91  3.38  0.37  0.00 -1.36  0.06  2.15 -1.17 
-0.05  1.17 -0.22 -0.46 -1.82 -1.98  1.31  1.29 -1.34  0.85 -1.36  0.00  3.28  0.44  0.58 
 0.76  0.49  0.16  1.24 -1.60  0.58  3.44 -1.31  0.38  0.10  0.06  3.28  0.00  0.36  0.57 
 2.67 -0.49 -0.27  2.80  1.30  1.02  1.36 -0.43  0.79  3.19  2.15  0.44  0.36  0.00 -1.10 
-2.73 -2.55  0.59  0.27  0.37  0.31  0.03  1.24 -3.06  0.36 -1.17  0.58  0.57 -1.10  0.00 
0: 20.45
1: 25.03
2: 19.71
3: 13.39
4: 17.47
5: 24.29
6: 18.64
7: 15.33
8: 28.79
9: 17.62
10: 22.32
11: 16.14
12: 14.32
13: 18.37
14: 14.92

