(1, 13) (4, 22) (20, 23) (1, 4) (0, 9) (16, 18) (1, 24) (8, 17) (5, 16) (9, 23) (6, 21) (17, 24) (5, 11) (4, 10) (17, 18) (14, 15) (1, 10) (20, 24) (4, 24) (8, 16) (19, 21) (11, 24) (18, 19) (11, 14) (13, 15) (1, 8) (1, 7) (11, 18) (8, 21) (2, 5) 
 0.00 -0.25 -0.32  0.77  0.15 -0.62 -0.42 -0.32 -0.76 -1.97 -1.60  0.62  0.89  0.29  0.20 -0.48 -1.09  0.30 -0.37  0.28 -1.02  0.63 -0.66  0.97 -0.02 
-0.25  0.00  1.18  1.13 -1.96 -1.13 -0.71 -3.07  2.99 -1.24 -2.24 -0.04 -0.99  1.94  1.22  0.96 -0.83  1.45 -0.15 -1.11 -0.79  1.06  0.91  0.58 -2.00 
-0.32  1.18  0.00  0.32 -0.26  4.00  1.25 -1.22 -1.35  1.33  0.46 -0.31 -1.19 -1.41  0.07  0.77  0.83  0.63  1.15 -0.06  1.72 -0.81  1.58 -1.07 -0.29 
 0.77  1.13  0.32  0.00 -0.12  1.67  0.59 -0.17  0.57  0.30 -0.17 -0.46  1.87 -0.67 -0.00  0.00  0.19  0.16  0.39  1.04  0.52 -0.60 -0.17 -0.48  0.80 
 0.15 -1.96 -0.26 -0.12  0.00  0.07 -0.02  0.63  1.44 -0.33 -2.20  0.33  1.29  1.30  0.63 -0.19  0.03 -0.59 -0.40  0.12 -0.59  0.94  1.95  0.91 -2.35 
-0.62 -1.13  4.00  1.67  0.07  0.00  0.94 -0.33  1.39  0.28  1.16  2.19  0.91  0.54  0.81  0.48 -2.05  0.39  1.20 -0.56 -1.23 -0.44  1.03 -0.08 -1.52 
-0.42 -0.71  1.25  0.59 -0.02  0.94  0.00 -0.83  0.60 -1.40  0.47 -1.83 -0.66 -0.12  0.22  1.48 -0.76  0.25  0.50 -1.13 -1.21 -2.15 -0.56  0.61 -0.68 
-0.32 -3.07 -1.22 -0.17  0.63 -0.33 -0.83  0.00 -1.34  1.84 -0.61 -0.10  0.22  1.56 -0.51 -0.71 -0.06  0.75  0.71 -0.68 -1.28 -0.39  0.09 -0.58  1.02 
-0.76  2.99 -1.35  0.57  1.44  1.39  0.60 -1.34  0.00  1.26  0.35  0.06  1.79 -0.17 -0.84 -0.10  2.35  2.02 -1.36  0.31 -0.40 -3.83  1.41 -0.28 -0.11 
-1.97 -1.24  1.33  0.30 -0.33  0.28 -1.40  1.84  1.26  0.00 -0.48 -0.46 -0.22 -1.48  1.01 -0.46  1.80  0.94  0.97 -0.68 -1.90 -1.85  0.05 -2.06 -0.11 
-1.60 -2.24  0.46 -0.17 -2.20  1.16  0.47 -0.61  0.35 -0.48  0.00 -1.04 -0.89 -0.83 -1.58 -0.21  0.15  0.00  0.02 -0.08  0.75  1.36 -1.89  1.36 -0.03 
 0.62 -0.04 -0.31 -0.46  0.33  2.19 -1.83 -0.10  0.06 -0.46 -1.04  0.00 -0.73  0.21 -2.53 -1.07 -0.44 -0.64 -3.14 -1.36 -1.06 -1.04  1.35 -0.43  2.51 
 0.89 -0.99 -1.19  1.87  1.29  0.91 -0.66  0.22  1.79 -0.22 -0.89 -0.73  0.00 -0.78 -0.06 -1.55  1.44 -0.80 -0.79 -1.04  0.68 -0.97 -1.32 -0.40  0.18 
 0.29  1.94 -1.41 -0.67  1.30  0.54 -0.12  1.56 -0.17 -1.48 -0.83  0.21 -0.78  0.00  1.92  2.76  0.94  1.68  1.06  0.22  0.14 -1.75 -0.80 -0.14  0.29 
 0.20  1.22  0.07 -0.00  0.63  0.81  0.22 -0.51 -0.84  1.01 -1.58 -2.53 -0.06  1.92  0.00  2.22  1.80 -0.46  1.12  0.23  1.18  1.80 -0.18  1.24  0.74 
-0.48  0.96  0.77  0.00 -0.19  0.48  1.48 -0.71 -0.10 -0.46 -0.21 -1.07 -1.55  2.76  2.22  0.00 -1.12  0.87  1.62 -0.85  1.15 -0.68  0.18  0.00  0.70 
-1.09 -0.83  0.83  0.19  0.03 -2.05 -0.76 -0.06  2.35  1.80  0.15 -0.44  1.44  0.94  1.80 -1.12  0.00  0.45  1.99  1.07 -1.14 -0.37  1.16  1.04  0.08 
 0.30  1.45  0.63  0.16 -0.59  0.39  0.25  0.75  2.02  0.94  0.00 -0.64 -0.80  1.68 -0.46  0.87  0.45  0.00  2.21 -0.71 -0.18 -0.77  0.44 -1.73 -2.18 
-0.37 -0.15  1.15  0.39 -0.40  1.20  0.50  0.71 -1.36  0.97  0.02 -3.14 -0.79  1.06  1.12  1.62  1.99  2.21  0.00  2.52  0.23  0.60  0.72 -0.72 -0.23 
 0.28 -1.11 -0.06  1.04  0.12 -0.56 -1.13 -0.68  0.31 -0.68 -0.08 -1.36 -1.04  0.22  0.23 -0.85  1.07 -0.71  2.52  0.00  0.63  2.44  0.23  0.29  1.00 
-1.02 -0.79  1.72  0.52 -0.59 -1.23 -1.21 -1.28 -0.40 -1.90  0.75 -1.06  0.68  0.14  1.18  1.15 -1.14 -0.18  0.23  0.63  0.00 -1.20 -0.76 -1.96 -2.33 
 0.63  1.06 -0.81 -0.60  0.94 -0.44 -2.15 -0.39 -3.83 -1.85  1.36 -1.04 -0.97 -1.75  1.80 -0.68 -0.37 -0.77  0.60  2.44 -1.20  0.00 -0.60  0.19 -0.53 
-0.66  0.91  1.58 -0.17  1.95  1.03 -0.56  0.09  1.41  0.05 -1.89  1.35 -1.32 -0.80 -0.18  0.18  1.16  0.44  0.72  0.23 -0.76 -0.60  0.00 -0.17  0.65 
 0.97  0.58 -1.07 -0.48  0.91 -0.08  0.61 -0.58 -0.28 -2.06  1.36 -0.43 -0.40 -0.14  1.24  0.00  1.04 -1.73 -0.72  0.29 -1.96  0.19 -0.17  0.00  1.01 
-0.02 -2.00 -0.29  0.80 -2.35 -1.52 -0.68  1.02 -0.11 -0.11 -0.03  2.51  0.18  0.29  0.74  0.70  0.08 -2.18 -0.23  1.00 -2.33 -0.53  0.65  1.01  0.00 

(9, 17) (16, 19) (7, 20) (13, 24) (17, 18) (4, 18) (0, 17) (6, 21) (20, 24) (9, 16) (1, 21) (13, 14) (1, 14) (1, 7) (23, 24) (7, 23) (1, 9) (12, 16) (11, 14) (13, 21) (14, 24) (19, 21) (10, 21) (8, 16) (11, 18) (8, 9) (8, 17) (5, 16) (8, 21) (4, 24) 
 0.00  0.24 -0.94  1.06  0.79 -0.11 -0.80 -0.33  0.36 -1.58 -0.15  0.33  1.02  0.97  0.42 -0.59 -1.56  1.96  0.23  0.46  0.09  1.08 -0.23  1.23 -0.23 
 0.24  0.00  0.29  0.69 -1.63 -0.83 -1.07 -2.20  1.82 -2.33 -0.57 -0.06  0.60  1.62  2.19  1.05 -0.48  0.71 -0.08 -0.81 -0.45  2.14  0.42 -0.70 -1.14 
-0.94  0.29  0.00 -0.63  0.57  1.65  0.49 -1.78 -1.07  0.98  0.65 -0.15 -0.58  0.05 -0.11  0.48  0.92 -0.48  0.64 -0.17  0.63 -1.36  1.44 -1.38 -0.36 
 1.06  0.69 -0.63  0.00 -0.00  1.80  0.81 -0.86  1.18  0.76  0.02  0.53  0.28 -1.52 -0.89  0.71  0.03  0.48  1.21  0.49  0.69 -1.20 -0.18 -0.70 -0.62 
 0.79 -1.63  0.57 -0.00  0.00  0.48 -0.56  0.34  1.08 -1.21 -1.79 -0.15  1.49  0.51  0.70 -0.65  0.87 -0.38 -1.91  0.33 -0.18  1.54  0.72  0.14 -3.68 
-0.11 -0.83  1.65  1.80  0.48  0.00  0.27 -1.24  1.50 -0.46  1.03  0.96  0.30 -0.07 -1.16 -0.09 -3.10 -0.04  1.52 -1.63 -0.77 -1.86  0.45  0.52 -1.65 
-0.80 -1.07  0.49  0.81 -0.56  0.27  0.00 -1.34  0.35 -1.21  0.16 -1.39 -0.47 -0.25 -0.40  1.62 -0.62  0.08  0.42 -0.77  0.75 -1.98  0.37  0.40 -0.95 
-0.33 -2.20 -1.78 -0.86  0.34 -1.24 -1.34  0.00 -0.94  1.23 -1.74 -0.15  0.23  1.16 -0.23 -0.63  0.01  1.13 -0.11 -0.53 -1.87  0.35  0.16 -2.29 -0.64 
 0.36  1.82 -1.07  1.18  1.08  1.50  0.35 -0.94  0.00  3.02 -1.12  0.76  1.33 -0.26 -0.27 -1.31  2.74  3.04 -1.67 -0.56 -0.80 -3.18  1.71  0.74  0.18 
-1.58 -2.33  0.98  0.76 -1.21 -0.46 -1.21  1.23  3.02  0.00 -0.92  0.53  0.81 -1.00  0.88 -1.35  2.06  1.86  1.11 -0.52 -1.67 -0.93  1.16 -0.75 -1.33 
-0.15 -0.57  0.65  0.02 -1.79  1.03  0.16 -1.74 -1.12 -0.92  0.00 -1.02 -0.29 -1.30 -0.01  1.71  1.44  0.11 -0.18 -0.38 -0.77  2.70 -1.78  0.98  0.62 
 0.33 -0.06 -0.15  0.53 -0.15  0.96 -1.39 -0.15  0.76  0.53 -1.02  0.00 -0.26 -0.44 -2.47 -0.71 -0.09 -0.48 -2.88 -1.48 -1.43 -0.84  0.47  0.36  1.54 
 1.02  0.60 -0.58  0.28  1.49  0.30 -0.47  0.23  1.33  0.81 -0.29 -0.26  0.00 -0.97  0.93 -1.46  2.38  0.36  0.48 -0.29  1.60 -1.73 -1.01 -0.53  0.04 
 0.97  1.62  0.05 -1.52  0.51 -0.07 -0.25  1.16 -0.26 -1.00 -1.30 -0.44 -0.97  0.00  2.16  1.43  0.80  0.91  1.11 -0.52 -0.29 -2.60 -0.71 -0.86  1.88 
 0.42  2.19 -0.11 -0.89  0.70 -1.16 -0.40 -0.23 -0.27  0.88 -0.01 -2.47  0.93  2.16  0.00  0.72  1.48 -0.13  0.00  1.01  1.19  0.84 -0.74  0.45  2.67 
-0.59  1.05  0.48  0.71 -0.65 -0.09  1.62 -0.63 -1.31 -1.35  1.71 -0.71 -1.46  1.43  0.72  0.00 -0.50  0.43  1.24 -0.06  0.83 -1.54  0.54 -0.13  1.05 
-1.56 -0.48  0.92  0.03  0.87 -3.10 -0.62  0.01  2.74  2.06  1.44 -0.09  2.38  0.80  1.48 -0.50  0.00  0.50  1.54  1.86 -0.59 -0.75  1.78  0.13 -0.12 
 1.96  0.71 -0.48  0.48 -0.38 -0.04  0.08  1.13  3.04  1.86  0.11 -0.48  0.36  0.91 -0.13  0.43  0.50  0.00  1.89 -0.91  0.00 -0.59  0.54  0.13 -0.98 
 0.23 -0.08  0.64  1.21 -1.91  1.52  0.42 -0.11 -1.67  1.11 -0.18 -2.88  0.48  1.11  0.00  1.24  1.54  1.89  0.00  0.79 -0.03  0.44 -0.52 -1.44 -0.61 
 0.46 -0.81 -0.17  0.49  0.33 -1.63 -0.77 -0.53 -0.56 -0.52 -0.38 -1.48 -0.29 -0.52  1.01 -0.06  1.86 -0.91  0.79  0.00 -0.25  2.70  0.23  1.34 -0.43 
 0.09 -0.45  0.63  0.69 -0.18 -0.77  0.75 -1.87 -0.80 -1.67 -0.77 -1.43  1.60 -0.29  1.19  0.83 -0.59  0.00 -0.03 -0.25  0.00 -0.55 -0.99 -1.78 -2.03 
 1.08  2.14 -1.36 -1.20  1.54 -1.86 -1.98  0.35 -3.18 -0.93  2.70 -0.84 -1.73 -2.60  0.84 -1.54 -0.75 -0.59  0.44  2.70 -0.55  0.00 -0.90  0.55 -0.85 
-0.23  0.42  1.44 -0.18  0.72  0.45  0.37  0.16  1.71  1.16 -1.78  0.47 -1.01 -0.71 -0.74  0.54  1.78  0.54 -0.52  0.23 -0.99 -0.90  0.00  1.15  1.83 
 1.23 -0.70 -1.38 -0.70  0.14  0.52  0.40 -2.29  0.74 -0.75  0.98  0.36 -0.53 -0.86  0.45 -0.13  0.13  0.13 -1.44  1.34 -1.78  0.55  1.15  0.00  2.29 
-0.23 -1.14 -0.36 -0.62 -3.68 -1.65 -0.95 -0.64  0.18 -1.33  0.62  1.54  0.04  1.88  2.67  1.05 -0.12 -0.98 -0.61 -0.43 -2.03 -0.85  1.83  2.29  0.00 

(11, 24) (6, 21) (21, 24) (10, 13) (11, 13) (8, 22) (5, 11) (1, 7) (11, 18) (4, 21) (12, 16) (15, 18) (12, 13) (1, 21) (7, 23) (3, 21) (3, 18) (9, 17) (7, 9) (13, 21) (14, 24) (4, 24) (9, 24) (10, 21) (8, 21) (19, 21) (8, 9) (11, 14) (13, 24) (8, 17) 
 0.00  0.98 -0.73  1.18  0.98  0.40 -0.65 -0.96 -0.10 -1.85  0.08 -0.05  0.25  1.68 -0.02 -0.57 -1.31  1.44 -1.09  0.35 -0.10  0.33 -0.19  1.78 -0.13 
 0.98  0.00  0.48  1.46 -1.33 -0.58 -0.92 -2.16  1.05 -1.86  0.05 -0.36 -0.41  0.67  2.02  0.82 -0.96  0.70  0.01 -0.45  0.35  2.30 -0.38 -0.58 -1.56 
-0.73  0.48  0.00 -0.84  0.90 -0.04  0.53 -1.53 -1.89  1.11  1.59 -0.61 -0.81  0.09 -0.65  0.88  0.44  0.44  1.19 -0.86  1.11 -1.49  0.56 -1.71  0.30 
 1.18  1.46 -0.84  0.00 -0.96  0.27  0.81 -1.09  1.16  1.26 -0.56  0.25 -0.83 -1.13 -0.72  0.97  0.58 -0.14  2.35  0.83  0.12 -2.34 -0.34 -1.17  0.01 
 0.98 -1.33  0.90 -0.96  0.00  1.11 -1.14 -0.20  1.30 -1.08 -1.77 -0.59  1.87  1.05  1.37 -0.60  0.11  0.10 -1.00  0.05 -0.29  2.18 -0.02  1.44 -2.64 
 0.40 -0.58 -0.04  0.27  1.11  0.00 -0.71 -0.14  0.69 -0.83  1.01  2.13  0.50  0.14 -0.41  1.30 -1.52 -0.13  1.21 -1.17 -0.79 -0.06 -0.26  0.43 -0.23 
-0.65 -0.92  0.53  0.81 -1.14 -0.71  0.00 -0.86  0.96 -1.86 -0.79 -1.30 -0.67  0.67 -0.55  0.06  0.52  0.39  1.22 -1.63 -0.36 -2.09 -0.36  0.54  1.45 
-0.96 -2.16 -1.53 -1.09 -0.20 -0.14 -0.86  0.00 -1.06  2.47 -1.05 -0.02  0.46  1.06 -0.51 -0.75 -0.81  0.25 -0.09 -0.84 -1.57  1.00 -0.17 -2.31 -1.66 
-0.10  1.05 -1.89  1.16  1.30  0.69  0.96 -1.06  0.00  3.19 -0.97  0.20  0.88  0.86 -0.59 -1.68  1.61  3.84 -1.53  0.06 -1.61 -2.75  2.12  0.51 -0.41 
-1.85 -1.86  1.11  1.26 -1.08 -0.83 -1.86  2.47  3.19  0.00 -1.31  1.56  0.22 -0.78  0.43 -0.20  1.10  2.40  1.62 -0.56 -1.70 -0.10  1.23 -1.11 -2.69 
 0.08  0.05  1.59 -0.56 -1.77  1.01 -0.79 -1.05 -0.97 -1.31  0.00 -1.21  1.87 -2.11 -0.50  1.63  1.00 -0.16  1.15  0.03 -1.15  2.70 -1.54  0.19  0.93 
-0.05 -0.36 -0.61  0.25 -0.59  2.13 -1.30 -0.02  0.20  1.56 -1.21  0.00  0.59 -2.11 -3.25 -1.46 -0.39 -1.20 -2.18 -1.21 -1.27 -0.15  0.09  1.80  2.08 
 0.25 -0.41 -0.81 -0.83  1.87  0.50 -0.67  0.46  0.88  0.22  1.87  0.59  0.00 -2.30  0.28 -1.24  2.19 -0.77  1.07 -0.19  0.78 -1.16 -1.42 -0.10 -0.02 
 1.68  0.67  0.09 -1.13  1.05  0.14  0.67  1.06  0.86 -0.78 -2.11 -2.11 -2.30  0.00  1.69 -1.34 -0.17  0.72  1.57 -0.18 -1.30 -2.59  0.45 -0.33  3.84 
-0.02  2.02 -0.65 -0.72  1.37 -0.41 -0.55 -0.51 -0.59  0.43 -0.50 -3.25  0.28  1.69  0.00  0.23  0.34  0.85  1.02  0.95  0.59  0.77 -0.33  0.28  2.61 
-0.57  0.82  0.88  0.97 -0.60  1.30  0.06 -0.75 -1.68 -0.20  1.63 -1.46 -1.24 -1.34  0.23  0.00  0.01 -0.05  2.22  0.31  1.19 -1.10  0.92  0.77  0.67 
-1.31 -0.96  0.44  0.58  0.11 -1.52  0.52 -0.81  1.61  1.10  1.00 -0.39  2.19 -0.17  0.34  0.01  0.00  0.19  1.67  1.42 -0.28 -0.34  0.45  1.56 -0.27 
 1.44  0.70  0.44 -0.14  0.10 -0.13  0.39  0.25  3.84  2.40 -0.16 -1.20 -0.77  0.72  0.85 -0.05  0.19  0.00  1.96 -1.05 -0.04 -1.03 -0.29 -0.08 -1.00 
-1.09  0.01  1.19  2.35 -1.00  1.21  1.22 -0.09 -1.53  1.62  1.15 -2.18  1.07  1.57  1.02  2.22  1.67  1.96  0.00 -0.20 -0.96  0.05 -0.54 -0.69 -1.37 
 0.35 -0.45 -0.86  0.83  0.05 -1.17 -1.63 -0.84  0.06 -0.56  0.03 -1.21 -0.19 -0.18  0.95  0.31  1.42 -1.05 -0.20  0.00  0.43  3.04  1.12  0.35 -1.29 
-0.10  0.35  1.11  0.12 -0.29 -0.79 -0.36 -1.57 -1.61 -1.70 -1.15 -1.27  0.78 -1.30  0.59  1.19 -0.28 -0.04 -0.96  0.43  0.00 -0.50  0.37 -1.82 -1.01 
 0.33  2.30 -1.49 -2.34  2.18 -0.06 -2.09  1.00 -2.75 -0.10  2.70 -0.15 -1.16 -2.59  0.77 -1.10 -0.34 -1.03  0.05  3.04 -0.50  0.00 -0.76  2.06 -2.11 
-0.19 -0.38  0.56 -0.34 -0.02 -0.26 -0.36 -0.17  2.12  1.23 -1.54  0.09 -1.42  0.45 -0.33  0.92  0.45 -0.29 -0.54  1.12  0.37 -0.76  0.00  0.93  1.33 
 1.78 -0.58 -1.71 -1.17  1.44  0.43  0.54 -2.31  0.51 -1.11  0.19  1.80 -0.10 -0.33  0.28  0.77  1.56 -0.08 -0.69  0.35 -1.82  2.06  0.93  0.00  2.05 
-0.13 -1.56  0.30  0.01 -2.64 -0.23  1.45 -1.66 -0.41 -2.69  0.93  2.08 -0.02  3.84  2.61  0.67 -0.27 -1.00 -1.37 -1.29 -1.01 -2.11  1.33  2.05  0.00 

(2, 23) (0, 23) (6, 16) (7, 24) (11, 14) (1, 7) (5, 18) (6, 11) (9, 17) (10, 18) (8, 9) (4, 21) (1, 9) (3, 21) (17, 21) (10, 21) (10, 20) (10, 15) (7, 23) (13, 18) (6, 9) (13, 24) (6, 21) (2, 8) (13, 21) (5, 11) (19, 21) (8, 17) (4, 24) (20, 24) 
 0.00  1.13 -0.77  0.96  1.41  0.03 -1.14 -0.98 -1.05 -1.25  0.02 -1.03  0.74  1.91 -0.05 -0.31 -1.05  0.58  0.15  0.11  0.62 -0.41  0.45  2.04 -0.45 
 1.13  0.00  0.40  0.99 -1.52 -0.79 -0.10 -2.10  1.42 -2.45 -0.36 -0.93 -0.42  1.05  1.50  0.85  0.14 -0.12 -0.04 -0.67 -0.16  1.92  0.39 -1.19 -1.68 
-0.77  0.40  0.00 -0.61  0.26  0.27  0.95 -0.65 -2.75  1.04  0.48  0.91 -0.28 -0.70 -0.55  0.49  0.80  1.22  1.19 -0.16  0.47 -1.85  0.87 -2.03 -0.82 
 0.96  0.99 -0.61  0.00 -0.69 -0.01  0.27 -0.83  1.12  0.67 -0.24 -0.34  0.19 -0.34 -0.11  0.71  0.09 -0.08  1.85  0.76 -0.20 -2.52 -0.98 -0.78 -0.03 
 1.41 -1.52  0.26 -0.69  0.00  1.31 -1.36 -0.26  0.83 -0.91  0.03  0.18  0.54  0.06  0.67 -0.78  0.65  0.96  0.08  0.35  0.80  2.40  0.63  0.39 -3.58 
 0.03 -0.79  0.27 -0.01  1.31  0.00 -1.43  1.12  1.01 -1.02  1.74  3.09  0.05  0.48 -0.45 -0.22 -1.95 -0.67  2.12 -1.00  0.70 -1.36 -0.06 -0.03  0.11 
-1.14 -0.10  0.95  0.27 -1.36 -1.43  0.00 -0.09  1.15 -2.64 -0.03 -2.12  0.38  0.30  0.02 -0.29  2.04 -0.59  0.81 -0.99  0.21 -2.69  0.46 -0.04  1.23 
-0.98 -2.10 -0.65 -0.83 -0.26  1.12 -0.09  0.00 -0.57  1.48 -0.87 -0.34  0.62  1.51 -0.17 -1.15 -0.47  0.36 -0.34 -0.75 -1.86  0.81 -0.21 -2.60 -2.09 
-1.05  1.42 -2.75  1.12  0.83  1.01  1.15 -0.57  0.00  2.34  0.75  0.37  0.01  0.60 -0.57 -0.73  0.76  3.36 -2.00  1.31 -1.75 -1.74  1.89  1.17  0.16 
-1.25 -2.45  1.04  0.67 -0.91 -1.02 -2.64  1.48  2.34  0.00 -0.95  1.77  0.23 -0.05 -0.07  1.55  1.21  2.16  0.72 -0.80 -1.53 -0.01  0.01  0.81 -1.69 
 0.02 -0.36  0.48 -0.24  0.03  1.74 -0.03 -0.87  0.75 -0.95  0.00 -0.83  1.39  0.13 -0.95  2.58  0.50  0.12  2.22  0.43 -2.58  2.57 -1.07 -1.02 -0.13 
-1.03 -0.93  0.91 -0.34  0.18  3.09 -2.12 -0.34  0.37  1.77 -0.83  0.00 -0.35 -1.80 -2.10 -0.43  0.28 -1.78 -1.84 -1.93 -1.26  0.84  0.26  0.62  0.19 
 0.74 -0.42 -0.28  0.19  0.54  0.05  0.38  0.62  0.01  0.23  1.39 -0.35  0.00 -1.71  0.80  0.51  1.73  0.45  0.81 -0.21  0.25 -0.72 -0.95  0.15  0.45 
 1.91  1.05 -0.70 -0.34  0.06  0.48  0.30  1.51  0.60 -0.05  0.13 -1.80 -1.71  0.00  1.38 -0.57 -1.16  1.15  2.62  0.70  1.18 -2.81 -0.57 -0.88  2.67 
-0.05  1.50 -0.55 -0.11  0.67 -0.45  0.02 -0.17 -0.57 -0.07 -0.95 -2.10  0.80  1.38  0.00 -0.38  0.96  0.61  1.31 -0.20  0.90 -0.30  0.38  0.46  1.78 
-0.31  0.85  0.49  0.71 -0.78 -0.22 -0.29 -1.15 -0.73  1.55  2.58 -0.43  0.51 -0.57 -0.38  0.00  0.21  0.52  1.18 -0.16  1.01  0.19  0.92  0.47  0.04 
-1.05  0.14  0.80  0.09  0.65 -1.95  2.04 -0.47  0.76  1.21  0.50  0.28  1.73 -1.16  0.96  0.21  0.00 -0.43  1.76  1.31 -1.14 -1.12  0.20  1.26  0.33 
 0.58 -0.12  1.22 -0.08  0.96 -0.67 -0.59  0.36  3.36  2.16  0.12 -1.78  0.45  1.15  0.61  0.52 -0.43  0.00  1.89 -1.78  0.50 -2.57  0.11 -0.74 -1.06 
 0.15 -0.04  1.19  1.85  0.08  2.12  0.81 -0.34 -2.00  0.72  2.22 -1.84  0.81  2.62  1.31  1.18  1.76  1.89  0.00 -0.50 -0.47  1.50 -0.42 -0.92  0.22 
 0.11 -0.67 -0.16  0.76  0.35 -1.00 -0.99 -0.75  1.31 -0.80  0.43 -1.93 -0.21  0.70 -0.20 -0.16  1.31 -1.78 -0.50  0.00  0.72  3.18  0.58  0.51 -0.90 
 0.62 -0.16  0.47 -0.20  0.80  0.70  0.21 -1.86 -1.75 -1.53 -2.58 -1.26  0.25  1.18  0.90  1.01 -1.14  0.50 -0.47  0.72  0.00 -0.75  0.71 -1.67 -3.87 
-0.41  1.92 -1.85 -2.52  2.40 -1.36 -2.69  0.81 -1.74 -0.01  2.57  0.84 -0.72 -2.81 -0.30  0.19 -1.12 -2.57  1.50  3.18 -0.75  0.00 -1.42  1.57 -0.54 
 0.45  0.39  0.87 -0.98  0.63 -0.06  0.46 -0.21  1.89  0.01 -1.07  0.26 -0.95 -0.57  0.38  0.92  0.20  0.11 -0.42  0.58  0.71 -1.42  0.00  1.05  0.21 
 2.04 -1.19 -2.03 -0.78  0.39 -0.03 -0.04 -2.60  1.17  0.81 -1.02  0.62  0.15 -0.88  0.46  0.47  1.26 -0.74 -0.92  0.51 -1.67  1.57  1.05  0.00  1.67 
-0.45 -1.68 -0.82 -0.03 -3.58  0.11  1.23 -2.09  0.16 -1.69 -0.13  0.19  0.45  2.67  1.78  0.04  0.33 -1.06  0.22 -0.90 -3.87 -0.54  0.21  1.67  0.00 

(1, 8) (2, 23) (3, 7) (0, 9) (10, 18) (14, 18) (17, 19) (2, 21) (2, 8) (20, 23) (11, 14) (12, 13) (1, 9) (3, 21) (10, 15) (17, 24) (6, 16) (8, 18) (7, 9) (13, 21) (17, 18) (10, 21) (5, 11) (19, 21) (13, 17) (6, 21) (11, 18) (20, 24) (8, 17) (4, 24) 
 0.00  0.39 -0.62 -0.25  1.72 -0.52 -1.17 -1.19 -1.75 -2.08  0.36 -0.40  0.72  1.11 -0.41  0.43 -1.17 -1.24  0.71  1.10  0.55 -1.23  0.64  0.94 -0.32 
 0.39  0.00  0.14 -0.47 -0.49 -0.37 -0.61 -1.76  2.05 -2.32 -1.06  0.12  0.59  1.50  1.82  0.74 -0.09  0.45 -0.44 -1.11 -0.16  0.70  0.11 -1.40  0.43 
-0.62  0.14  0.00 -0.54 -0.12  0.46  1.01 -1.57 -2.21  1.51 -0.42 -0.07 -0.90 -0.67 -0.27  0.44  0.65  1.09  1.74  0.09  0.51 -2.12  1.50 -2.07 -0.78 
-0.25 -0.47 -0.54  0.00 -1.64  0.17  0.41 -2.07 -0.60  0.49  0.39 -0.36 -0.69 -0.65 -0.78  0.27 -0.48  1.45  0.44 -0.06 -0.36 -2.45 -1.05 -0.89  0.66 
 1.72 -0.49 -0.12 -1.64  0.00  1.10 -1.19 -0.39  1.02 -1.14  0.55  0.19  1.07  0.15 -0.30  1.68  1.07  1.74  1.07  0.65  0.95  1.67  1.35  0.66 -3.67 
-0.52 -0.37  0.46  0.17  1.10  0.00 -1.12  1.42  0.98 -1.14  1.08  2.76  1.05  0.84 -0.23  1.92 -1.48 -0.31  1.12 -1.62 -0.42 -1.04  0.31 -0.11 -0.46 
-1.17 -0.61  1.01  0.41 -1.19 -1.12  0.00 -0.22  0.95 -1.53 -0.70 -0.90  0.79  0.59 -0.09 -0.08  2.46 -1.02  1.55 -1.01  0.92 -2.95  0.63 -0.37 -0.04 
-1.19 -1.76 -1.57 -2.07 -0.39  1.42 -0.22  0.00 -0.52  2.47 -0.40 -0.12  1.49  1.60 -0.65 -0.72 -0.02  0.32 -0.49 -0.87 -0.82  2.04 -0.41 -1.87 -1.01 
-1.75  2.05 -2.21 -0.60  1.02  0.98  0.95 -0.52  0.00  0.40  1.57  0.27 -0.73  1.36 -0.60 -0.42  0.10  3.44 -2.47  1.14 -1.04 -1.98  1.14  1.88 -1.13 
-2.08 -2.32  1.51  0.49 -1.14 -1.14 -1.53  2.47  0.40  0.00 -0.05  1.05 -0.33  0.30  0.15  0.85  1.07  1.29 -0.27 -0.54 -1.17 -0.22 -0.23  0.62 -1.74 
 0.36 -1.06 -0.42  0.39  0.55  1.08 -0.70 -0.40  1.57 -0.05  0.00 -0.92  0.33  1.10 -0.44  2.46 -0.93 -0.08  2.08  1.17 -1.60  2.62 -1.51 -1.06 -0.40 
-0.40  0.12 -0.07 -0.36  0.19  2.76 -0.90 -0.12  0.27  1.05 -0.92  0.00 -0.64 -1.12 -2.27 -0.11  0.18 -0.71 -2.99 -1.70 -1.05  0.51  2.03  0.87  0.85 
 0.72  0.59 -0.90 -0.69  1.07  1.05  0.79  1.49 -0.73 -0.33  0.33 -0.64  0.00 -2.32  0.67  0.65  1.86  1.05  1.94  0.75  1.94 -1.13 -1.73 -0.27  1.43 
 1.11  1.50 -0.67 -0.65  0.15  0.84  0.59  1.60  1.36  0.30  1.10 -1.12 -2.32  0.00  1.58  1.57 -0.49  2.89  1.27  0.97  1.19 -2.52 -0.60 -1.18  1.19 
-0.41  1.82 -0.27 -0.78 -0.30 -0.23 -0.09 -0.65 -0.60  0.15 -0.44 -2.27  0.67  1.58  0.00 -0.05  2.02 -0.33  2.10 -0.17  1.97 -0.55  0.70  0.24  1.33 
 0.43  0.74  0.44  0.27  1.68  1.92 -0.08 -0.72 -0.42  0.85  2.46 -0.11  0.65  1.57 -0.05  0.00 -0.46  1.41  0.27 -0.15  1.67 -0.06  0.88  0.72 -0.18 
-1.17 -0.09  0.65 -0.48  1.07 -1.48  2.46 -0.02  0.10  1.07 -0.93  0.18  1.86 -0.49  2.02 -0.46  0.00  0.95  1.13  1.38 -1.38 -0.31  0.11  1.25 -0.29 
-1.24  0.45  1.09  1.45  1.74 -0.31 -1.02  0.32  3.44  1.29 -0.08 -0.71  1.05  2.89 -0.33  1.41  0.95  0.00  2.53 -2.10  0.22 -1.87  0.08 -1.38 -2.46 
 0.71 -0.44  1.74  0.44  1.07  1.12  1.55 -0.49 -2.47 -0.27  2.08 -2.99  1.94  1.27  2.10  0.27  1.13  2.53  0.00  0.09  0.00  1.33 -0.52 -0.95  0.25 
 1.10 -1.11  0.09 -0.06  0.65 -1.62 -1.01 -0.87  1.14 -0.54  1.17 -1.70  0.75  0.97 -0.17 -0.15  1.38 -2.10  0.09  0.00  0.94  2.84 -0.24  0.67  0.47 
 0.55 -0.16  0.51 -0.36  0.95 -0.42  0.92 -0.82 -1.04 -1.17 -1.60 -1.05  1.94  1.19  1.97  1.67 -1.38  0.22  0.00  0.94  0.00 -0.68 -0.03 -2.25 -3.05 
-1.23  0.70 -2.12 -2.45  1.67 -1.04 -2.95  2.04 -1.98 -0.22  2.62  0.51 -1.13 -2.52 -0.55 -0.06 -0.31 -1.87  1.33  2.84 -0.68  0.00 -1.51  1.61 -1.28 
 0.64  0.11  1.50 -1.05  1.35  0.31  0.63 -0.41  1.14 -0.23 -1.51  2.03 -1.73 -0.60  0.70  0.88  0.11  0.08 -0.52 -0.24 -0.03 -1.51  0.00  0.25  0.01 
 0.94 -1.40 -2.07 -0.89  0.66 -0.11 -0.37 -1.87  1.88  0.62 -1.06  0.87 -0.27 -1.18  0.24  0.72  1.25 -1.38 -0.95  0.67 -2.25  1.61  0.25  0.00  0.62 
-0.32  0.43 -0.78  0.66 -3.67 -0.46 -0.04 -1.01 -1.13 -1.74 -0.40  0.85  1.43  1.19  1.33 -0.18 -0.29 -2.46  0.25  0.47 -3.05 -1.28  0.01  0.62  0.00 

(6, 21) (7, 9) (2, 21) (17, 24) (9, 17) (17, 19) (10, 22) (17, 20) (1, 13) (20, 24) (15, 17) (9, 16) (11, 18) (13, 18) (7, 20) (10, 15) (8, 22) (13, 21) (19, 24) (4, 8) (3, 21) (1, 7) (2, 22) (12, 13) (17, 18) (13, 17) (4, 13) (19, 21) (13, 20) (8, 21) 
 0.00  0.03 -0.97  0.73  1.68 -1.28 -0.66 -0.93 -1.89 -2.06 -0.71 -0.91  1.00 -0.14 -0.59  0.62 -1.74 -0.76  1.78  0.26  0.47 -0.70  0.05  0.34 -0.61 
 0.03  0.00  0.56  0.14 -2.05  1.27 -0.33 -2.85  0.94 -1.84 -1.57 -0.80 -0.23  2.42  0.32  1.67  0.42  1.62 -0.29 -1.68 -0.26  1.47 -0.10 -0.76  0.19 
-0.97  0.56  0.00 -0.52  0.45  1.38  0.85 -1.10 -0.78  1.82 -0.88 -2.05 -0.82 -0.36 -0.26  0.22  1.44 -0.32  0.03  0.03 -0.52 -2.21  2.99 -0.48  0.14 
 0.73  0.14 -0.52  0.00  0.58  0.96  1.19 -1.40 -0.90 -0.66  0.67 -0.87 -0.63 -1.51 -0.51  2.00  1.36  0.23  1.42 -0.31 -0.27 -2.82 -0.67 -0.12 -0.80 
 1.68 -2.05  0.45  0.58  0.00 -0.21 -1.20 -0.02  2.80  0.74  0.29 -0.75  0.70  3.22  0.26  0.59 -0.33  0.48  0.93 -0.46  0.37  1.65  2.15  0.77 -1.71 
-1.28  1.27  1.38  0.96 -0.21  0.00 -0.54  0.98  1.18  0.53  0.84  0.28  2.11  0.09 -1.02  0.98 -0.70  0.88  2.04  0.30 -1.09 -1.99 -2.19 -1.06 -1.80 
-0.66 -0.33  0.85  1.19 -1.20 -0.54  0.00 -1.46  0.93 -1.94 -0.30 -0.95  1.02 -0.32 -0.82  0.87  0.65 -0.62  1.50 -1.43  1.30 -2.20  1.47 -0.51 -0.20 
-0.93 -2.85 -1.10 -1.40 -0.02  0.98 -1.46  0.00  0.16  2.20 -0.69  0.21  0.49  1.38 -0.34 -0.86 -0.66  0.57 -0.74 -1.42 -2.53  1.18  0.30 -1.58  0.55 
-1.89  0.94 -0.78 -0.90  2.80  1.18  0.93  0.16  0.00  0.10  1.78  1.68  0.43  1.45  0.63 -0.42  0.48  1.77 -0.99  0.04 -0.39 -4.88  2.67  1.55  0.67 
-2.06 -1.84  1.82 -0.66  0.74  0.53 -1.94  2.20  0.10  0.00 -0.32  0.10 -0.80 -0.60  1.39 -1.03  2.48  2.24  1.45  0.48  0.67 -0.46  0.47 -0.12 -0.13 
-0.71 -1.57 -0.88  0.67  0.29  0.84 -0.30 -0.69  1.78 -0.32  0.00 -0.72 -0.88  0.68 -0.56  2.58  0.73  0.73  1.69  1.37 -0.99  1.77 -2.30 -0.46  0.22 
-0.91 -0.80 -2.05 -0.87 -0.75  0.28 -0.95  0.21  1.68  0.10 -0.72  0.00  0.39  0.54 -1.34  0.36 -0.93 -0.37 -2.49 -2.02 -0.27  1.63  0.44  1.10 -0.39 
 1.00 -0.23 -0.82 -0.63  0.70  2.11  1.02  0.49  0.43 -0.80 -0.88  0.39  0.00 -3.04 -1.25  1.37  2.03  0.97  1.53 -1.50  0.98 -1.87 -1.66 -0.92 -1.41 
-0.14  2.42 -0.36 -1.51  3.22  0.09 -0.32  1.38  1.45 -0.60  0.68  0.54 -3.04  0.00  0.78  1.25  0.33  3.19  2.52  1.04  4.65 -2.74 -0.68  0.25  0.59 
-0.59  0.32 -0.26 -0.51  0.26 -1.02 -0.82 -0.34  0.63  1.39 -0.56 -1.34 -1.25  0.78  0.00  1.10  0.45 -0.86  0.35 -0.83  0.55 -0.07  0.95  1.54  0.77 
 0.62  1.67  0.22  2.00  0.59  0.98  0.87 -0.86 -0.42 -1.03  2.58  0.36  1.37  1.25  1.10  0.00 -1.99  2.46  0.97 -1.70  1.43 -0.63 -0.49  1.27 -1.93 
-1.74  0.42  1.44  1.36 -0.33 -0.70  0.65 -0.66  0.48  2.48  0.73 -0.93  2.03  0.33  0.45 -1.99  0.00  1.27  1.10  1.22 -0.85 -0.30  0.75  0.01 -1.65 
-0.76  1.62 -0.32  0.23  0.48  0.88 -0.62  0.57  1.77  2.24  0.73 -0.37  0.97  3.19 -0.86  2.46  1.27  0.00  3.14 -2.28  2.37  0.11  0.38 -0.85 -2.23 
 1.78 -0.29  0.03  1.42  0.93  2.04  1.50 -0.74 -0.99  1.45  1.69 -2.49  1.53  2.52  0.35  0.97  1.10  3.14  0.00  1.17  0.74  0.11  1.04 -0.48  1.29 
 0.26 -1.68  0.03 -0.31 -0.46  0.30 -1.43 -1.42  0.04  0.48  1.37 -2.02 -1.50  1.04 -0.83 -1.70  1.22 -2.28  1.17  0.00  0.23  4.06 -0.68  0.00  2.76 
 0.47 -0.26 -0.52 -0.27  0.37 -1.09  1.30 -2.53 -0.39  0.67 -0.99 -0.27  0.98  4.65  0.55  1.43 -0.85  2.37  0.74  0.23  0.00 -0.68 -1.12 -0.92 -2.44 
-0.70  1.47 -2.21 -2.82  1.65 -1.99 -2.20  1.18 -4.88 -0.46  1.77  1.63 -1.87 -2.74 -0.07 -0.63 -0.30  0.11  0.11  4.06 -0.68  0.00 -1.61  1.31 -0.84 
 0.05 -0.10  2.99 -0.67  2.15 -2.19  1.47  0.30  2.67  0.47 -2.30  0.44 -1.66 -0.68  0.95 -0.49  0.75  0.38  1.04 -0.68 -1.12 -1.61  0.00  0.69  0.61 
 0.34 -0.76 -0.48 -0.12  0.77 -1.06 -0.51 -1.58  1.55 -0.12 -0.46  1.10 -0.92  0.25  1.54  1.27  0.01 -0.85 -0.48  0.00 -0.92  1.31  0.69  0.00 -0.14 
-0.61  0.19  0.14 -0.80 -1.71 -1.80 -0.20  0.55  0.67 -0.13  0.22 -0.39 -1.41  0.59  0.77 -1.93 -1.65 -2.23  1.29  2.76 -2.44 -0.84  0.61 -0.14  0.00 

(2, 11) (11, 23) (0, 8) (9, 24) (7, 20) (1, 8) (18, 21) (4, 8) (13, 17) (17, 19) (9, 17) (20, 24) (10, 22) (1, 7) (2, 22) (8, 22) (5, 20) (4, 13) (6, 19) (19, 21) (7, 9) (11, 14) (2, 5) (6, 21) (8, 20) (9, 16) (8, 21) (5, 18) (17, 18) (13, 20) 
 0.00 -0.20 -1.35  0.86  0.74 -1.25 -0.22 -1.41 -2.11 -1.76 -0.22 -0.36  0.38 -1.31 -0.31 -0.29 -0.34 -0.69 -0.09 -0.74 -0.72  0.29 -0.02  0.55 -1.26 
-0.20  0.00  0.44  0.74 -1.86  0.77 -1.08 -2.47  2.16 -1.03 -1.08 -0.29 -0.50  1.37 -0.43  0.82 -1.55  1.26 -0.09 -1.81 -0.08  1.68 -1.23  0.14 -0.27 
-1.35  0.44  0.00 -1.49  0.91  2.94  1.40 -1.55 -1.40  1.24 -0.42 -2.09 -0.54 -0.46 -0.19 -0.04  0.26 -1.56  0.64 -0.51  0.58 -2.07  2.47 -1.04  1.46 
 0.86  0.74 -1.49  0.00  0.76  1.03  0.61 -0.74 -0.68  0.61 -0.34 -0.48  0.62 -2.07 -0.80  0.75  0.84  0.22  0.28  0.27 -1.44 -1.06 -0.18  0.28 -1.90 
 0.74 -1.86  0.91  0.76  0.00  0.69 -1.38  0.60  2.26 -0.73 -0.06 -0.17  1.08  2.68 -0.26  1.01  0.81  1.00  0.30 -0.38  0.42  0.82  2.03  1.49  0.57 
-1.25  0.77  2.94  1.03  0.69  0.00 -0.74 -0.14  0.55 -0.96  0.54 -0.08  0.37  0.16 -0.86  0.90 -0.81  0.21  3.77 -0.83 -2.57 -1.32 -0.54 -1.22 -1.26 
-0.22 -1.08  1.40  0.61 -1.38 -0.74  0.00 -1.79  0.50 -2.03  0.85 -0.96  0.40 -0.12 -1.06  1.92 -0.50 -0.86  0.47 -2.69  0.48 -2.96 -0.17  0.43 -0.76 
-1.41 -2.47 -1.55 -0.74  0.60 -0.14 -1.79  0.00  0.12  2.73  0.27  0.93 -0.23  0.81 -1.03 -0.73  0.40 -0.06 -0.09 -0.12 -2.15  0.27  1.28 -1.58  0.53 
-2.11  2.16 -1.40 -0.68  2.26  0.55  0.50  0.12  0.00  0.21 -0.09 -0.04  1.14  1.29 -0.80 -0.86  0.44  1.20  0.20 -0.85 -3.02 -3.76  2.50  1.01 -0.84 
-1.76 -1.03  1.24  0.61 -0.73 -0.96 -2.03  2.73  0.21  0.00 -0.47  0.64 -1.02  0.58  1.57  0.51  3.16  2.36  0.38  0.92  0.12  1.04  1.29 -0.47 -2.14 
-0.22 -1.08 -0.42 -0.34 -0.06  0.54  0.85  0.27 -0.09 -0.47  0.00  0.78 -0.53 -0.41 -1.33  0.36  1.29 -0.75  1.66  1.56  0.46  1.86 -2.41  0.40  0.58 
-0.36 -0.29 -2.09 -0.48 -0.17 -0.08 -0.96  0.93 -0.04  0.64  0.78  0.00 -1.52  1.47 -2.93 -0.68  0.03  0.65 -2.00 -1.01 -0.92  1.41  1.12  2.10  0.95 
 0.38 -0.50 -0.54  0.62  1.08  0.37  0.40 -0.23  1.14 -1.02 -0.53 -1.52  0.00 -1.39 -1.67  2.07  0.52 -0.47  1.86 -1.54  0.34 -1.05 -1.11 -0.79 -1.01 
-1.31  1.37 -0.46 -2.07  2.68  0.16 -0.12  0.81  1.29  0.58 -0.41  1.47 -1.39  0.00  0.54  0.82 -0.58  2.28  1.70  0.72  4.27 -2.00 -0.36  0.37  0.71 
-0.31 -0.43 -0.19 -0.80 -0.26 -0.86 -1.06 -1.03 -0.80  1.57 -1.33 -2.93 -1.67  0.54  0.00  0.15 -1.51 -1.02  1.96 -0.05  1.05  1.93  1.38  0.27  0.65 
-0.29  0.82 -0.04  0.75  1.01  0.90  1.92 -0.73 -0.86  0.51  0.36 -0.68  2.07  0.82  0.15  0.00 -0.84  1.91 -0.23 -1.10  1.38 -0.78 -0.44  0.99 -1.96 
-0.34 -1.55  0.26  0.84  0.81 -0.81 -0.50  0.40  0.44  3.16  1.29  0.03  0.52 -0.58 -1.51 -0.84  0.00 -0.16  2.01  1.46  0.05 -1.66  0.55 -0.62 -2.08 
-0.69  1.26 -1.56  0.22  1.00  0.21 -0.86 -0.06  1.20  2.36 -0.75  0.65 -0.47  2.28 -1.02  1.91 -0.16  0.00  4.23 -2.28  0.41 -1.65  1.62 -1.64 -1.62 
-0.09 -0.09  0.64  0.28  0.30  3.77  0.47 -0.09  0.20  0.38  1.66 -2.00  1.86  1.70  1.96 -0.23  2.01  4.23  0.00  0.55  0.08 -2.21  1.83 -0.11  1.01 
-0.74 -1.81 -0.51  0.27 -0.38 -0.83 -2.69 -0.12 -0.85  0.92  1.56 -1.01 -1.54  0.72 -0.05 -1.10  1.46 -2.28  0.55  0.00  0.06  2.73 -0.85 -0.12  0.91 
-0.72 -0.08  0.58 -1.44  0.42 -2.57  0.48 -2.15 -3.02  0.12  0.46 -0.92  0.34  4.27  1.05  1.38  0.05  0.41  0.08  0.06  0.00 -0.10 -0.21 -0.71 -2.39 
 0.29  1.68 -2.07 -1.06  0.82 -1.32 -2.96  0.27 -3.76  1.04  1.86  1.41 -1.05 -2.00  1.93 -0.78 -1.66 -1.65 -2.21  2.73 -0.10  0.00 -0.05 -0.49  0.53 
-0.02 -1.23  2.47 -0.18  2.03 -0.54 -0.17  1.28  2.50  1.29 -2.41  1.12 -1.11 -0.36  1.38 -0.44  0.55  1.62  1.83 -0.85 -0.21 -0.05  0.00  0.87 -0.98 
 0.55  0.14 -1.04  0.28  1.49 -1.22  0.43 -1.58  1.01 -0.47  0.40  2.10 -0.79  0.37  0.27  0.99 -0.62 -1.64 -0.11 -0.12 -0.71 -0.49  0.87  0.00  1.82 
-1.26 -0.27  1.46 -1.90  0.57 -1.26 -0.76  0.53 -0.84 -2.14  0.58  0.95 -1.01  0.71  0.65 -1.96 -2.08 -1.62  1.01  0.91 -2.39  0.53 -0.98  1.82  0.00 

(7, 15) (11, 13) (0, 24) (15, 24) (1, 9) (1, 7) (2, 13) (11, 14) (11, 24) (7, 22) (1, 16) (7, 20) (23, 24) (2, 23) (15, 17) (4, 23) (4, 24) (3, 13) (5, 18) (13, 21) (2, 17) (6, 9) (1, 8) (1, 17) (17, 24) (17, 21) (8, 20) (17, 18) (8, 21) (6, 21) 
 0.00 -0.09  0.04  0.81  1.27 -1.12  0.61 -1.41 -1.46 -1.81  0.02  0.18  0.53 -0.02  0.48 -0.15 -0.98  0.04  1.23 -0.34 -0.14 -0.17 -0.38  1.14 -2.12 
-0.09  0.00  0.99  0.39 -2.05  0.80 -0.48 -2.18  2.96 -2.17  0.11 -0.14  0.16  0.89  0.55  0.30 -2.25  2.97 -0.05 -0.54  1.51  1.79 -0.43  1.52  0.02 
 0.04  0.99  0.00 -0.30 -1.39  0.79  1.39 -0.36 -0.80  0.86 -0.47 -1.65  0.02 -2.20 -0.05  0.11 -0.09 -2.86  0.28  0.78  0.16 -0.76  1.76 -2.42  1.68 
 0.81  0.39 -0.30  0.00  0.57 -0.07  0.39 -1.03 -0.81 -0.20  0.10  0.16  1.75 -2.74 -1.07 -0.05  0.42 -0.63  0.68  0.63 -0.78 -1.56  0.03  0.52 -1.03 
 1.27 -2.05 -1.39  0.57  0.00 -0.15 -1.29 -0.60  1.80 -0.96 -0.68  0.42  0.58  1.89  0.61 -0.14 -0.06  0.54 -1.22 -0.79 -0.15  0.48 -0.10  2.48 -2.66 
-1.12  0.80  0.79 -0.07 -0.15  0.00 -0.65 -0.43  0.58  0.61  1.43  0.02  0.74  0.47 -1.06  1.83 -0.87  0.88  2.74 -1.15 -1.45 -0.82 -0.70 -0.64  0.17 
 0.61 -0.48  1.39  0.39 -1.29 -0.65  0.00 -1.89  1.31 -2.96 -0.47 -0.38  0.72 -0.33  0.33  1.81  0.44 -0.58  0.63 -1.92 -0.47 -4.83  0.76 -0.38  0.44 
-1.41 -2.18 -0.36 -1.03 -0.60 -0.43 -1.89  0.00  0.35  1.83 -0.66  0.61  0.66  1.05 -0.25 -2.09  0.90  0.44  0.37  1.06 -2.29  0.84  2.25  0.13  1.36 
-1.46  2.96 -0.80 -0.81  1.80  0.58  1.31  0.35  0.00 -0.04 -1.07 -0.27  0.62  1.98 -0.49 -1.44 -0.26 -0.17 -1.80 -0.54 -3.46 -3.65  1.95  0.82 -0.12 
-1.81 -2.17  0.86 -0.20 -0.96  0.61 -2.96  1.83 -0.04  0.00 -0.23 -1.72 -1.15 -0.48 -0.88  0.90  1.95  1.16 -1.61 -0.14 -1.95  0.30  1.25 -1.46 -0.96 
 0.02  0.11 -0.47  0.10 -0.68  1.43 -0.47 -0.66 -1.07 -0.23  0.00 -0.56 -0.92  1.08 -0.47 -0.76  1.48  1.42  0.94  0.11 -0.43  1.82 -0.77  0.81 -0.67 
 0.18 -0.14 -1.65  0.16  0.42  0.02 -0.38  0.61 -0.27 -1.72 -0.56  0.00 -0.30  2.11 -2.21 -0.25  0.42  1.00 -1.78 -1.05 -0.47  0.91  1.19  1.56  2.23 
 0.53  0.16  0.02  1.75  0.58  0.74  0.72  0.66  0.62 -1.15 -0.92 -0.30  0.00 -0.80 -0.69 -0.23  0.49 -0.75  1.16  0.06 -0.82 -0.61 -1.78 -1.39 -1.64 
-0.02  0.89 -2.20 -2.74  1.89  0.47 -0.33  1.05  1.98 -0.48  1.08  2.11 -0.80  0.00 -0.12  0.37  0.53  1.14  1.86  0.76  0.98 -2.75  1.30  1.06  1.16 
 0.48  0.55 -0.05 -1.07  0.61 -1.06  0.33 -0.25 -0.49 -0.88 -0.47 -2.21 -0.69 -0.12  0.00 -0.06 -0.92 -1.96  1.79  1.60  0.95  1.69 -0.28 -1.07  1.66 
-0.15  0.30  0.11 -0.05 -0.14  1.83  1.81 -2.09 -1.44  0.90 -0.76 -0.25 -0.23  0.37 -0.06  0.00  0.10  2.47 -0.31 -1.34  1.20 -0.81 -0.61  1.35 -2.14 
-0.98 -2.25 -0.09  0.42 -0.06 -0.87  0.44  0.90 -0.26  1.95  1.48  0.42  0.49  0.53 -0.92  0.10  0.00  0.20  1.06  0.65  0.16 -0.12 -0.45  0.38 -1.84 
 0.04  2.97 -2.86 -0.63  0.54  0.88 -0.58  0.44 -0.17  1.16  1.42  1.00 -0.75  1.14 -1.96  2.47  0.20  0.00  3.57 -1.41 -0.35 -3.36  0.80 -0.28 -3.02 
 1.23 -0.05  0.28  0.68 -1.22  2.74  0.63  0.37 -1.80 -1.61  0.94 -1.78  1.16  1.86  1.79 -0.31  1.06  3.57  0.00  0.55  1.27 -1.77  1.29 -0.03 -0.32 
-0.34 -0.54  0.78  0.63 -0.79 -1.15 -1.92  1.06 -0.54 -0.14  0.11 -1.05  0.06  0.76  1.60 -1.34  0.65 -1.41  0.55  0.00  0.29  1.22 -0.27  0.15 -1.50 
-0.14  1.51  0.16 -0.78 -0.15 -1.45 -0.47 -2.29 -3.46 -1.95 -0.43 -0.47 -0.82  0.98  0.95  1.20  0.16 -0.35  1.27  0.29  0.00  1.08 -0.79 -0.81 -0.28 
-0.17  1.79 -0.76 -1.56  0.48 -0.82 -4.83  0.84 -3.65  0.30  1.82  0.91 -0.61 -2.75  1.69 -0.81 -0.12 -3.36 -1.77  1.22  1.08  0.00 -0.96 -0.36 -1.89 
-0.38 -0.43  1.76  0.03 -0.10 -0.70  0.76  2.25  1.95  1.25 -0.77  1.19 -1.78  1.30 -0.28 -0.61 -0.45  0.80  1.29 -0.27 -0.79 -0.96  0.00  0.46 -0.28 
 1.14  1.52 -2.42  0.52  2.48 -0.64 -0.38  0.13  0.82 -1.46  0.81  1.56 -1.39  1.06 -1.07  1.35  0.38 -0.28 -0.03  0.15 -0.81 -0.36  0.46  0.00  2.34 
-2.12  0.02  1.68 -1.03 -2.66  0.17  0.44  1.36 -0.12 -0.96 -0.67  2.23 -1.64  1.16  1.66 -2.14 -1.84 -3.02 -0.32 -1.50 -0.28 -1.89 -0.28  2.34  0.00 

(1, 16) (18, 22) (17, 24) (2, 23) (6, 19) (2, 22) (1, 7) (8, 22) (2, 17) (7, 13) (3, 13) (2, 24) (5, 8) (8, 21) (2, 13) (1, 21) (9, 11) (13, 22) (6, 9) (5, 18) (17, 18) (8, 20) (17, 21) (13, 21) (15, 24) (4, 24) (11, 13) (4, 23) (1, 8) (6, 21) 
 0.00  0.15 -0.06  0.95  0.51 -0.87  0.39 -1.23 -1.28 -0.99 -0.42 -0.03  0.03  0.02 -0.21  0.44 -1.47  0.50  1.38  0.06 -0.39  0.19 -0.77 -0.27 -0.80 
 0.15  0.00  1.40  1.30 -1.02 -0.52 -0.22 -2.00  3.62 -0.81 -0.16  0.24  0.59  0.35  1.20  0.83 -1.93  1.82 -0.20 -0.50  1.71  2.38 -0.97  0.23 -1.67 
-0.06  1.40  0.00  0.02 -0.23  0.84  0.76 -1.41 -0.91  0.47  0.75 -0.59  0.41 -2.34  0.25 -0.44 -0.08 -2.11  0.25  0.54  1.17 -1.23  2.00 -1.98  2.29 
 0.95  1.30  0.02  0.00  1.06 -0.16 -0.19 -0.59  0.67 -0.11 -0.11  0.26 -0.01 -2.24 -0.95 -0.13  0.70 -1.33  0.67  0.38 -0.65 -0.68  1.43  1.06 -0.40 
 0.51 -1.02 -0.23  1.06  0.00 -0.63 -1.27 -0.12  1.91 -1.33 -0.90 -0.09  1.41  0.47  0.22 -0.08  0.48  0.31 -1.21  0.59 -0.29 -0.63 -0.67  3.43 -3.18 
-0.87 -0.52  0.84 -0.16 -0.63  0.00 -0.44 -1.37  2.30  1.36  0.95  0.47  0.68 -0.58  0.01  1.15 -1.12  1.85  2.79 -0.92 -0.01 -0.77 -1.04 -0.58 -1.26 
 0.39 -0.22  0.76 -0.19 -1.27 -0.44  0.00 -1.38  0.91 -2.75  0.59  0.31  0.27 -0.24 -0.11  1.15  0.75 -0.23  1.33 -1.99 -0.77 -3.82  0.69 -0.10  0.32 
-1.23 -2.00 -1.41 -0.59 -0.12 -1.37 -1.38  0.00  0.52  1.82  0.14  1.48 -0.55  2.22 -0.51 -1.71  0.22  0.74 -0.18  0.02 -1.07 -0.16  1.45  0.80  1.35 
-1.28  3.62 -0.91  0.67  1.91  2.30  0.91  0.52  0.00  0.66 -0.50  0.47  0.54  1.84 -1.31 -1.34 -0.21 -0.05 -0.77 -0.68 -2.89 -2.32  2.10 -0.25 -0.47 
-0.99 -0.81  0.47 -0.11 -1.33  1.36 -2.75  1.82  0.66  0.00 -0.12 -2.61 -0.36 -0.32 -0.92  0.63  1.44  0.67 -0.29 -0.30 -1.49 -0.15  0.82 -1.54 -0.06 
-0.42 -0.16  0.75 -0.11 -0.90  0.95  0.59  0.14 -0.50 -0.12  0.00 -0.67 -1.09  0.69  0.38 -0.14  1.29  1.10  1.29  0.56 -0.37  0.86 -0.99 -0.07 -0.90 
-0.03  0.24 -0.59  0.26 -0.09  0.47  0.31  1.48  0.47 -2.61 -0.67  0.00 -0.17  3.21 -1.59  0.45  0.39  0.56 -1.14  0.05  0.10  0.09  1.11  1.77  1.90 
 0.03  0.59  0.41 -0.01  1.41  0.68  0.27 -0.55  0.54 -0.36 -1.09 -0.17  0.00 -0.54  0.23  0.65  0.06 -0.63  1.04  0.03 -0.42 -0.72 -1.40 -0.78  0.21 
 0.02  0.35 -2.34 -2.24  0.47 -0.58 -0.24  2.22  1.84 -0.32  0.69  3.21 -0.54  0.00 -0.04 -0.73 -0.25  0.65  1.88  1.27  0.01 -2.95  2.72  1.05  0.47 
-0.21  1.20  0.25 -0.95  0.22  0.01 -0.11 -0.51 -1.31 -0.92  0.38 -1.59  0.23 -0.04  0.00 -0.45 -0.17 -1.80  1.25  0.80  1.75  1.53 -0.01 -0.05  1.16 
 0.44  0.83 -0.44 -0.13 -0.08  1.15  1.15 -1.71 -1.34  0.63 -0.14  0.45  0.65 -0.73 -0.45  0.00 -0.98  0.81  0.84 -1.57  1.43  0.03 -0.46  1.02 -3.10 
-1.47 -1.93 -0.08  0.70  0.48 -1.12  0.75  0.22 -0.21  1.44  1.29  0.39  0.06 -0.25 -0.17 -0.98  0.00  0.00  1.33 -0.23  0.47 -0.97 -0.62  0.60 -1.80 
 0.50  1.82 -2.11 -1.33  0.31  1.85 -0.23  0.74 -0.05  0.67  1.10  0.56 -0.63  0.65 -1.80  0.81  0.00  0.00  2.88 -0.70  0.41 -2.92  0.53 -0.28 -1.96 
 1.38 -0.20  0.25  0.67 -1.21  2.79  1.33 -0.18 -0.77 -0.29  1.29 -1.14  1.04  1.88  1.25  0.84  1.33  2.88  0.00  0.51  0.10 -1.55  1.95  0.20  0.70 
 0.06 -0.50  0.54  0.38  0.59 -0.92 -1.99  0.02 -0.68 -0.30  0.56  0.05  0.03  1.27  0.80 -1.57 -0.23 -0.70  0.51  0.00  0.07  1.34  0.23  1.36 -0.98 
-0.39  1.71  1.17 -0.65 -0.29 -0.01 -0.77 -1.07 -2.89 -1.49 -0.37  0.10 -0.42  0.01  1.75  1.43  0.47  0.41  0.10  0.07  0.00  0.34 -1.08 -0.83 -1.51 
 0.19  2.38 -1.23 -0.68 -0.63 -0.77 -3.82 -0.16 -2.32 -0.15  0.86  0.09 -0.72 -2.95  1.53  0.03 -0.97 -2.92 -1.55  1.34  0.34  0.00 -0.20  0.41 -1.13 
-0.77 -0.97  2.00  1.43 -0.67 -1.04  0.69  1.45  2.10  0.82 -0.99  1.11 -1.40  2.72 -0.01 -0.46 -0.62  0.53  1.95  0.23 -1.08 -0.20  0.00  0.69 -0.76 
-0.27  0.23 -1.98  1.06  3.43 -0.58 -0.10  0.80 -0.25 -1.54 -0.07  1.77 -0.78  1.05 -0.05  1.02  0.60 -0.28  0.20  1.36 -0.83  0.41  0.69  0.00  0.76 
-0.80 -1.67  2.29 -0.40 -3.18 -1.26  0.32  1.35 -0.47 -0.06 -0.90  1.90  0.21  0.47  1.16 -3.10 -1.80 -1.96  0.70 -0.98 -1.51 -1.13 -0.76  0.76  0.00 

(0, 16) (11, 24) (11, 23) (8, 21) (3, 22) (8, 13) (14, 21) (7, 9) (13, 18) (12, 13) (6, 21) (9, 20) (6, 9) (17, 19) (13, 21) (8, 22) (1, 7) (17, 18) (14, 20) (8, 20) (9, 11) (6, 19) (1, 8) (11, 13) (3, 13) (5, 24) (5, 8) (4, 13) (4, 23) (15, 24) 
 0.00 -0.46 -0.14  0.84  0.77 -0.69  0.11 -1.36 -0.86 -1.16 -0.81  0.76 -0.09  0.49  0.26 -0.50 -1.72  0.43 -0.11 -0.18  0.21  1.30 -0.41  1.42 -0.25 
-0.46  0.00  0.81  1.54 -1.68  0.30 -0.48 -2.09  2.44 -1.05 -0.10  0.84  1.14  0.63  0.78  1.00 -1.49  1.16 -0.34 -1.16  1.52  1.04 -0.81 -1.09 -1.69 
-0.14  0.81  0.00  0.58 -0.88  1.39  0.39 -1.39 -0.54  1.19 -0.01 -0.64  0.53 -1.40  0.10  0.81 -0.20 -0.59 -0.13  0.12  1.35 -0.25  1.41 -1.50  1.17 
 0.84  1.54  0.58  0.00  1.48 -0.03  0.48 -1.51 -0.14  0.08 -1.38  1.61  0.45 -2.54 -1.07  0.58  0.64 -1.12  0.75  0.22 -0.31 -1.51  1.85  0.82 -1.43 
 0.77 -1.68 -0.88  1.48  0.00  0.14 -0.53 -0.42  1.36 -1.11 -1.40  0.31 -0.61  3.31  1.19 -0.20  1.70  0.70 -1.22  0.48  0.46  0.29 -0.25  3.97 -1.21 
-0.69  0.30  1.39 -0.03  0.14  0.00 -0.36 -1.24  2.64  1.31  1.43  0.54  1.62  0.80  0.38  0.84 -1.01  0.58  1.52 -1.69 -0.50 -0.28 -0.48 -1.10 -2.56 
 0.11 -0.48  0.39  0.48 -0.53 -0.36  0.00 -1.23  1.22 -1.98  0.89  0.47  0.05 -0.48  0.08  0.83  0.19  0.22  0.48 -2.42 -0.52 -1.96  0.15 -0.37 -0.26 
-1.36 -2.09 -1.39 -1.51 -0.42 -1.24 -1.23  0.00 -0.06  1.92  0.40  0.80 -0.27  1.24 -0.95 -1.11  0.15 -0.03  0.25 -0.04 -1.25 -0.23 -0.42 -0.91  0.90 
-0.86  2.44 -0.54 -0.14  1.36  2.64  1.22 -0.06  0.00 -0.67 -0.32  0.57  1.24  1.89 -0.63 -0.20 -0.56  0.91  1.40  0.74 -2.36 -1.82  2.04 -0.38 -1.08 
-1.16 -1.05  1.19  0.08 -1.11  1.31 -1.98  1.92 -0.67  0.00 -1.33 -2.39 -1.33 -0.65 -1.34 -1.05  0.40  0.99 -0.39 -0.06 -1.97  0.69  0.75 -0.10 -0.51 
-0.81 -0.10 -0.01 -1.38 -1.40  1.43  0.89  0.40 -0.32 -1.33  0.00 -1.36 -0.62  0.09  0.70 -0.02  1.13  0.20  0.70  0.41 -0.65 -0.14 -1.01 -1.28  0.83 
 0.76  0.84 -0.64  1.61  0.31  0.54  0.47  0.80  0.57 -2.39 -1.36  0.00  0.50  2.53 -0.57 -0.02 -0.78  0.14 -1.44 -0.44  0.47  0.22  0.51  1.81  1.77 
-0.09  1.14  0.53  0.45 -0.61  1.62  0.05 -0.27  1.24 -1.33 -0.62  0.50  0.00 -1.96  0.14  0.10 -0.73  0.49  0.92  0.27 -0.32 -1.44 -1.23 -1.13 -1.05 
 0.49  0.63 -1.40 -2.54  3.31  0.80 -0.48  1.24  1.89 -0.65  0.09  2.53 -1.96  0.00  0.31 -0.32 -0.17  1.70  1.94  1.34  0.61 -2.03  1.48  0.85  0.32 
 0.26  0.78  0.10 -1.07  1.19  0.38  0.08 -0.95 -0.63 -1.34  0.70 -0.57  0.14  0.31  0.00 -0.09 -0.24 -1.11  0.82  0.88  2.28  1.90  0.80  0.23  0.62 
-0.50  1.00  0.81  0.58 -0.20  0.84  0.83 -1.11 -0.20 -1.05 -0.02 -0.02  0.10 -0.32 -0.09  0.00 -0.67  0.79  0.63 -1.16  1.15  0.20 -0.55  0.39 -4.15 
-1.72 -1.49 -0.20  0.64  1.70 -1.01  0.19  0.15 -0.56  0.40  1.13 -0.78 -0.73 -0.17 -0.24 -0.67  0.00 -0.83  0.43  1.25 -0.15 -1.10 -0.32  0.26 -1.52 
 0.43  1.16 -0.59 -1.12  0.70  0.58  0.22 -0.03  0.91  0.99  0.20  0.14  0.49  1.70 -1.11  0.79 -0.83  0.00  2.19 -2.02 -0.25 -1.58  0.68 -0.97 -0.75 
-0.11 -0.34 -0.13  0.75 -1.22  1.52  0.48  0.25  1.40 -0.39  0.70 -1.44  0.92  1.94  0.82  0.63  0.43  2.19  0.00  0.74 -0.89 -1.68  0.93 -0.18 -0.86 
-0.18 -1.16  0.12  0.22  0.48 -1.69 -2.42 -0.04  0.74 -0.06  0.41 -0.44  0.27  1.34  0.88 -1.16  1.25 -2.02  0.74  0.00 -0.03  0.86 -0.02  0.79 -1.33 
 0.21  1.52  1.35 -0.31  0.46 -0.50 -0.52 -1.25 -2.36 -1.97 -0.65  0.47 -0.32  0.61  2.28  1.15 -0.15 -0.25 -0.89 -0.03  0.00  0.50 -1.70 -0.33 -1.40 
 1.30  1.04 -0.25 -1.51  0.29 -0.28 -1.96 -0.23 -1.82  0.69 -0.14  0.22 -1.44 -2.03  1.90  0.20 -1.10 -1.58 -1.68  0.86  0.50  0.00 -0.10  1.40  0.87 
-0.41 -0.81  1.41  1.85 -0.25 -0.48  0.15 -0.42  2.04  0.75 -1.01  0.51 -1.23  1.48  0.80 -0.55 -0.32  0.68  0.93 -0.02 -1.70 -0.10  0.00  1.01 -1.18 
