(16, 24) (7, 20) (17, 24) (7, 13) (0, 9) (17, 21) (8, 17) (9, 16) (4, 8) (2, 7) (6, 9) (1, 9) (5, 8) (11, 14) (1, 17) (17, 19) (8, 22) (11, 18) (13, 18) (20, 24) (7, 9) (4, 13) (6, 21) (19, 21) (1, 8) (4, 24) (1, 7) (13, 21) (17, 18) (8, 21) 
 0.00  0.44 -0.38  0.60  0.69 -0.92 -0.18 -0.71 -0.67 -1.45 -0.65 -0.56  0.27  0.48  0.25  0.28 -0.83 -0.30  0.40  0.16 -0.22 -0.06  0.14  1.12 -0.09 
 0.44  0.00  0.20  0.66 -1.16  0.05 -0.41 -2.17  2.03 -1.57 -0.50  0.62  0.42  1.11  0.68  0.70 -0.72  1.64 -0.34 -1.11  0.56  1.08 -0.68 -0.10 -0.41 
-0.38  0.20  0.00 -0.65 -0.11  1.37  0.75 -1.53 -1.22  0.92  0.04 -0.23 -0.68 -1.19  0.04  0.39  0.28  0.06  0.36 -0.27  0.28 -0.67  1.40 -0.95  0.97 
 0.60  0.66 -0.65  0.00  0.07  0.24  0.31 -0.57  0.61  0.26 -0.14  0.21 -0.07 -1.33 -0.58  1.01  0.22  0.02  0.94  0.48 -0.15 -1.38  0.63  0.56 -0.16 
 0.69 -1.16 -0.11  0.07  0.00  0.73 -0.84  0.00  1.50 -0.71 -0.72 -0.07  0.76  1.98  0.70 -0.15  0.14  0.35 -0.76 -0.05 -0.20  1.23  1.13  1.26 -2.08 
-0.92  0.05  1.37  0.24  0.73  0.00 -0.34  0.01  1.61  0.73  0.91  1.18  0.43 -0.15 -0.18  0.48 -1.25 -0.06  1.18 -1.26 -0.22 -0.71 -0.55 -0.65 -1.02 
-0.18 -0.41  0.75  0.31 -0.84 -0.34  0.00 -0.68  0.61 -1.56 -0.18 -0.81  0.25 -0.14  0.01  0.98  0.61 -0.76  0.64 -1.41 -0.81 -2.00 -0.16  0.45  0.35 
-0.71 -2.17 -1.53 -0.57  0.00  0.01 -0.68  0.00 -0.59  1.94 -0.11  0.54  0.13  1.43 -0.32 -0.88 -0.31  0.73 -0.19 -0.60 -1.42  0.84  0.44 -1.03  0.38 
-0.67  2.03 -1.22  0.61  1.50  1.61  0.61 -0.59  0.00  1.06  0.11 -0.15  0.78  1.19 -0.74 -0.87  0.07  1.48 -0.63 -0.30 -1.03 -2.96  1.75 -0.05 -0.86 
-1.45 -1.57  0.92  0.26 -0.71  0.73 -1.56  1.94  1.06  0.00 -0.42 -0.34 -0.32 -0.75  0.43 -0.08  1.49  1.36  0.99 -0.54 -0.81 -0.13  0.42 -0.45 -0.49 
-0.65 -0.50  0.04 -0.14 -0.72  0.91 -0.18 -0.11  0.11 -0.42  0.00 -0.60 -0.01  0.34 -0.61  0.69  1.39 -0.06  1.39  0.62 -0.67  1.29 -1.08 -0.36  0.50 
-0.56  0.62 -0.23  0.21 -0.07  1.18 -0.81  0.54 -0.15 -0.34 -0.60  0.00 -0.37  0.87 -1.61  0.13  0.05  0.02 -1.76 -1.08 -0.36  0.54  0.90  1.04  1.20 
 0.27  0.42 -0.68 -0.07  0.76  0.43  0.25  0.13  0.78 -0.32 -0.01 -0.37  0.00 -1.23 -0.32  0.20  0.56  0.05  0.02 -0.48  0.81 -1.30 -1.34 -0.33  0.46 
 0.48  1.11 -1.19 -1.33  1.98 -0.15 -0.14  1.43  1.19 -0.75  0.34  0.87 -1.23  0.00  0.71  0.39 -0.06  1.37  1.78  0.95  0.46 -2.39 -0.31  0.46  0.09 
 0.25  0.68  0.04 -0.58  0.70 -0.18  0.01 -0.32 -0.74  0.43 -0.61 -1.61 -0.32  0.71  0.00  0.43 -0.21  0.21  0.77  0.38  1.38  0.99  0.26  1.04  1.27 
 0.28  0.70  0.39  1.01 -0.15  0.48  0.98 -0.88 -0.87 -0.08  0.69  0.13  0.20  0.39  0.43  0.00 -0.62  0.84  1.08 -0.82  0.43 -0.33 -0.27  0.46 -1.37 
-0.83 -0.72  0.28  0.22  0.14 -1.25  0.61 -0.31  0.07  1.49  1.39  0.05  0.56 -0.06 -0.21 -0.62  0.00  0.34  1.34  0.75 -0.10 -0.94  0.09  0.10 -1.42 
-0.30  1.64  0.06  0.02  0.35 -0.06 -0.76  0.73  1.48  1.36 -0.06  0.02  0.05  1.37  0.21  0.84  0.34  0.00  2.71 -1.67 -0.26 -1.46  0.60 -0.88 -1.43 
 0.40 -0.34  0.36  0.94 -0.76  1.18  0.64 -0.19 -0.63  0.99  1.39 -1.76  0.02  1.78  0.77  1.08  1.34  2.71  0.00  0.78  0.21 -1.26  0.84 -0.45 -0.24 
 0.16 -1.11 -0.27  0.48 -0.05 -1.26 -1.41 -0.60 -0.30 -0.54  0.62 -1.08 -0.48  0.95  0.38 -0.82  0.75 -1.67  0.78  0.00 -0.21  2.03 -0.01  0.67 -0.40 
-0.22  0.56  0.28 -0.15 -0.20 -0.22 -0.81 -1.42 -1.03 -0.81 -0.67 -0.36  0.81  0.46  1.38  0.43 -0.10 -0.26  0.21 -0.21  0.00  0.15 -0.42 -1.08 -1.93 
-0.06  1.08 -0.67 -1.38  1.23 -0.71 -2.00  0.84 -2.96 -0.13  1.29  0.54 -1.30 -2.39  0.99 -0.33 -0.94 -1.46 -1.26  2.03  0.15  0.00 -0.43  0.52 -0.36 
 0.14 -0.68  1.40  0.63  1.13 -0.55 -0.16  0.44  1.75  0.42 -1.08  0.90 -1.34 -0.31  0.26 -0.27  0.09  0.60  0.84 -0.01 -0.42 -0.43  0.00  0.80  0.12 
 1.12 -0.10 -0.95  0.56  1.26 -0.65  0.45 -1.03 -0.05 -0.45 -0.36  1.04 -0.33  0.46  1.04  0.46  0.10 -0.88 -0.45  0.67 -1.08  0.52  0.80  0.00  0.98 
-0.09 -0.41  0.97 -0.16 -2.08 -1.02  0.35  0.38 -0.86 -0.49  0.50  1.20  0.46  0.09  1.27 -1.37 -1.42 -1.43 -0.24 -0.40 -1.93 -0.36  0.12  0.98  0.00 
0: 11.85
1: 19.37
2: 14.95
3: 11.85
4: 17.41
5: 16.26
6: 15.25
7: 17.56
8: 22.85
9: 19.22
10: 13.39
11: 15.24
12: 11.60
13: 21.16
14: 14.13
15: 13.89
16: 13.89
17: 18.66
18: 21.06
19: 17.05
20: 14.15
21: 25.05
22: 14.76
23: 15.82
24: 18.57

