(7, 9) (14, 23) (1, 21) (4, 21) (10, 24) (9, 16) (13, 21) (4, 22) (19, 23) (7, 13) (10, 16) (18, 21) (2, 9) (6, 9) (13, 19) (4, 23) (19, 21) (11, 18) (2, 22) (17, 18) (7, 20) (8, 21) (20, 24) (0, 9) (0, 5) (4, 12) (11, 24) (10, 22) (2, 7) (1, 7) 
 0.00  0.63  0.34  1.36  2.03 -4.17 -1.00  0.47 -2.00 -4.04 -0.38  1.02  1.70  0.19  0.59 -0.98 -2.28 -1.44  2.51 -0.38 -0.91 -0.26 -1.03  1.24 -0.54 
 0.63  0.00 -1.29  0.68 -2.84 -0.42 -0.28 -5.39  1.87 -2.89  0.37  0.96 -1.97  1.12 -1.50  1.36 -1.38  3.01 -0.96 -1.61  2.59  3.12 -2.84  1.05 -2.01 
 0.34 -1.29  0.00 -0.89 -0.20  2.33  1.02 -4.69  0.36  3.38 -1.11 -0.56  0.24 -2.38  0.19 -0.17  0.73  1.43 -0.03 -0.05  0.78 -0.26  3.75 -1.76  2.04 
 1.36  0.68 -0.89  0.00  0.46 -0.86  0.71 -0.96  0.52  0.71 -1.02 -0.84  2.06 -1.25 -0.02  0.99  1.28 -0.38  1.49  0.88  0.74 -1.96  0.74 -0.10  2.20 
 2.03 -2.84 -0.20  0.46  0.00  2.37 -2.41 -0.06  2.98 -0.76 -1.29 -0.55  4.17  2.17  1.98  0.64  0.38  1.61 -1.55 -0.54 -0.23  3.15  3.21  3.46 -2.69 
-4.17 -0.42  2.33 -0.86  2.37  0.00 -0.68 -0.94 -0.47  2.12  2.77  2.36 -1.24 -1.79 -0.30  1.25 -1.56  2.84  0.62 -1.90 -0.26 -2.00 -2.35 -1.35 -2.72 
-1.00 -0.28  1.02  0.71 -2.41 -0.68  0.00 -1.14  1.26 -3.43 -0.97 -1.58  0.33  0.06 -0.44  2.30  1.31 -0.89  1.09 -2.49 -0.07 -2.78 -0.89  0.16  0.52 
 0.47 -5.39 -4.69 -0.96 -0.06 -0.94 -1.14  0.00 -0.28  3.04 -1.36  0.49  0.75  3.29 -2.60 -2.50  0.59  2.72 -0.15 -1.46 -3.84  1.45  2.53 -1.11  1.18 
-2.00  1.87  0.36  0.52  2.98 -0.47  1.26 -0.28  0.00  2.16 -2.20 -1.25  1.88  0.83 -0.21 -3.03  0.13  1.56  0.43  1.66 -1.74 -3.94  2.06 -2.27 -0.20 
-4.04 -2.89  3.38  0.71 -0.76  2.12 -3.43  3.04  2.16  0.00 -0.14 -1.16  1.35 -2.43  1.87 -0.21  3.20  2.80  1.36 -1.51 -0.53  1.76  2.31 -2.39  0.16 
-0.38  0.37 -1.11 -1.02 -1.29  2.77 -0.97 -1.36 -2.20 -0.14  0.00 -1.82 -0.74  0.21 -1.71  1.39  3.36  0.04  1.96  0.52  0.11  1.30 -4.61  0.53  3.18 
 1.02  0.96 -0.56 -0.84 -0.55  2.36 -1.58  0.49 -1.25 -1.16 -1.82  0.00 -1.91  1.17 -2.90 -0.58 -0.96 -0.61 -3.67 -1.04  0.24  1.58  1.18  3.02  4.52 
 1.70 -1.97  0.24  2.06  4.17 -1.24  0.33  0.75  1.88  1.35 -0.74 -1.91  0.00 -0.93 -1.74 -1.26  1.93  0.32 -1.93 -0.33  2.18 -1.77 -2.27  0.19 -0.23 
 0.19  1.12 -2.38 -1.25  2.17 -1.79  0.06  3.29  0.83 -2.43  0.21  1.17 -0.93  0.00  1.57 -0.64 -1.76  1.41  2.05  3.44  0.66 -3.20 -2.57 -0.11  0.75 
 0.59 -1.50  0.19 -0.02  1.98 -0.30 -0.44 -2.60 -0.21  1.87 -1.71 -2.90 -1.74  1.57  0.00 -0.67  0.46  1.03  1.00 -0.50  1.03  0.29  1.21  3.09  1.55 
-0.98  1.36 -0.17  0.99  0.64  1.25  2.30 -2.50 -3.03 -0.21  1.39 -0.58 -1.26 -0.64 -0.67  0.00 -1.97  2.12  1.44 -0.16  0.63 -1.65 -2.71  1.15 -0.45 
-2.28 -1.38  0.73  1.28  0.38 -1.56  1.31  0.59  0.13  3.20  3.36 -0.96  1.93 -1.76  0.46 -1.97  0.00  0.86  2.06  1.59 -1.73 -2.50 -0.09 -1.53 -2.86 
-1.44  3.01  1.43 -0.38  1.61  2.84 -0.89  2.72  1.56  2.80  0.04 -0.61  0.32  1.41  1.03  2.12  0.86  0.00  3.79 -2.16  0.60  2.13 -1.74 -2.29 -1.17 
 2.51 -0.96 -0.03  1.49 -1.55  0.62  1.09 -0.15  0.43  1.36  1.96 -3.67 -1.93  2.05  1.00  1.44  2.06  3.79  0.00  1.35 -0.24 -3.37  1.42 -0.62  0.82 
-0.38 -1.61 -0.05  0.88 -0.54 -1.90 -2.49 -1.46  1.66 -1.51  0.52 -1.04 -0.33  3.44 -0.50 -0.16  1.59 -2.16  1.35  0.00 -0.75  3.56  0.67  3.22 -1.73 
-0.91  2.59  0.78  0.74 -0.23 -0.26 -0.07 -3.84 -1.74 -0.53  0.11  0.24  2.18  0.66  1.03  0.63 -1.73  0.60 -0.24 -0.75  0.00 -0.30 -0.52 -0.95 -4.00 
-0.26  3.12 -0.26 -1.96  3.15 -2.00 -2.78  1.45 -3.94  1.76  1.30  1.58 -1.77 -3.20  0.29 -1.65 -2.50  2.13 -3.37  3.56 -0.30  0.00 -0.93  0.48 -0.04 
-1.03 -2.84  3.75  0.74  3.21 -2.35 -0.89  2.53  2.06  2.31 -4.61  1.18 -2.27 -2.57  1.21 -2.71 -0.09 -1.74  1.42  0.67 -0.52 -0.93  0.00  0.14  2.10 
 1.24  1.05 -1.76 -0.10  3.46 -1.35  0.16 -1.11 -2.27 -2.39  0.53  3.02  0.19 -0.11  3.09  1.15 -1.53 -2.29 -0.62  3.22 -0.95  0.48  0.14  0.00 -0.42 
-0.54 -2.01  2.04  2.20 -2.69 -2.72  0.52  1.18 -0.20  0.16  3.18  4.52 -0.23  0.75  1.55 -0.45 -2.86 -1.17  0.82 -1.73 -4.00 -0.04  2.10 -0.42  0.00 

(7, 9) (14, 23) (1, 21) (4, 21) (10, 24) (9, 16) (13, 21) (4, 22) (19, 23) (7, 13) (10, 16) (18, 21) (2, 9) (6, 9) (13, 19) (4, 23) (19, 21) (11, 18) (2, 22) (17, 18) (7, 20) (8, 21) (20, 24) (0, 9) (0, 5) (4, 12) (11, 24) (10, 22) (2, 7) (1, 7) 
 0.00  0.63  0.34  1.36  2.03 -4.17 -1.00  0.47 -2.00 -4.04 -0.38  1.02  1.70  0.19  0.59 -0.98 -2.28 -1.44  2.51 -0.38 -0.91 -0.26 -1.03  1.24 -0.54 
 0.63  0.00 -1.29  0.68 -2.84 -0.42 -0.28 -5.39  1.87 -2.89  0.37  0.96 -1.97  1.12 -1.50  1.36 -1.38  3.01 -0.96 -1.61  2.59  3.12 -2.84  1.05 -2.01 
 0.34 -1.29  0.00 -0.89 -0.20  2.33  1.02 -4.69  0.36  3.38 -1.11 -0.56  0.24 -2.38  0.19 -0.17  0.73  1.43 -0.03 -0.05  0.78 -0.26  3.75 -1.76  2.04 
 1.36  0.68 -0.89  0.00  0.46 -0.86  0.71 -0.96  0.52  0.71 -1.02 -0.84  2.06 -1.25 -0.02  0.99  1.28 -0.38  1.49  0.88  0.74 -1.96  0.74 -0.10  2.20 
 2.03 -2.84 -0.20  0.46  0.00  2.37 -2.41 -0.06  2.98 -0.76 -1.29 -0.55  4.17  2.17  1.98  0.64  0.38  1.61 -1.55 -0.54 -0.23  3.15  3.21  3.46 -2.69 
-4.17 -0.42  2.33 -0.86  2.37  0.00 -0.68 -0.94 -0.47  2.12  2.77  2.36 -1.24 -1.79 -0.30  1.25 -1.56  2.84  0.62 -1.90 -0.26 -2.00 -2.35 -1.35 -2.72 
-1.00 -0.28  1.02  0.71 -2.41 -0.68  0.00 -1.14  1.26 -3.43 -0.97 -1.58  0.33  0.06 -0.44  2.30  1.31 -0.89  1.09 -2.49 -0.07 -2.78 -0.89  0.16  0.52 
 0.47 -5.39 -4.69 -0.96 -0.06 -0.94 -1.14  0.00 -0.28  3.04 -1.36  0.49  0.75  3.29 -2.60 -2.50  0.59  2.72 -0.15 -1.46 -3.84  1.45  2.53 -1.11  1.18 
-2.00  1.87  0.36  0.52  2.98 -0.47  1.26 -0.28  0.00  2.16 -2.20 -1.25  1.88  0.83 -0.21 -3.03  0.13  1.56  0.43  1.66 -1.74 -3.94  2.06 -2.27 -0.20 
-4.04 -2.89  3.38  0.71 -0.76  2.12 -3.43  3.04  2.16  0.00 -0.14 -1.16  1.35 -2.43  1.87 -0.21  3.20  2.80  1.36 -1.51 -0.53  1.76  2.31 -2.39  0.16 
-0.38  0.37 -1.11 -1.02 -1.29  2.77 -0.97 -1.36 -2.20 -0.14  0.00 -1.82 -0.74  0.21 -1.71  1.39  3.36  0.04  1.96  0.52  0.11  1.30 -4.61  0.53  3.18 
 1.02  0.96 -0.56 -0.84 -0.55  2.36 -1.58  0.49 -1.25 -1.16 -1.82  0.00 -1.91  1.17 -2.90 -0.58 -0.96 -0.61 -3.67 -1.04  0.24  1.58  1.18  3.02  4.52 
 1.70 -1.97  0.24  2.06  4.17 -1.24  0.33  0.75  1.88  1.35 -0.74 -1.91  0.00 -0.93 -1.74 -1.26  1.93  0.32 -1.93 -0.33  2.18 -1.77 -2.27  0.19 -0.23 
 0.19  1.12 -2.38 -1.25  2.17 -1.79  0.06  3.29  0.83 -2.43  0.21  1.17 -0.93  0.00  1.57 -0.64 -1.76  1.41  2.05  3.44  0.66 -3.20 -2.57 -0.11  0.75 
 0.59 -1.50  0.19 -0.02  1.98 -0.30 -0.44 -2.60 -0.21  1.87 -1.71 -2.90 -1.74  1.57  0.00 -0.67  0.46  1.03  1.00 -0.50  1.03  0.29  1.21  3.09  1.55 
-0.98  1.36 -0.17  0.99  0.64  1.25  2.30 -2.50 -3.03 -0.21  1.39 -0.58 -1.26 -0.64 -0.67  0.00 -1.97  2.12  1.44 -0.16  0.63 -1.65 -2.71  1.15 -0.45 
-2.28 -1.38  0.73  1.28  0.38 -1.56  1.31  0.59  0.13  3.20  3.36 -0.96  1.93 -1.76  0.46 -1.97  0.00  0.86  2.06  1.59 -1.73 -2.50 -0.09 -1.53 -2.86 
-1.44  3.01  1.43 -0.38  1.61  2.84 -0.89  2.72  1.56  2.80  0.04 -0.61  0.32  1.41  1.03  2.12  0.86  0.00  3.79 -2.16  0.60  2.13 -1.74 -2.29 -1.17 
 2.51 -0.96 -0.03  1.49 -1.55  0.62  1.09 -0.15  0.43  1.36  1.96 -3.67 -1.93  2.05  1.00  1.44  2.06  3.79  0.00  1.35 -0.24 -3.37  1.42 -0.62  0.82 
-0.38 -1.61 -0.05  0.88 -0.54 -1.90 -2.49 -1.46  1.66 -1.51  0.52 -1.04 -0.33  3.44 -0.50 -0.16  1.59 -2.16  1.35  0.00 -0.75  3.56  0.67  3.22 -1.73 
-0.91  2.59  0.78  0.74 -0.23 -0.26 -0.07 -3.84 -1.74 -0.53  0.11  0.24  2.18  0.66  1.03  0.63 -1.73  0.60 -0.24 -0.75  0.00 -0.30 -0.52 -0.95 -4.00 
-0.26  3.12 -0.26 -1.96  3.15 -2.00 -2.78  1.45 -3.94  1.76  1.30  1.58 -1.77 -3.20  0.29 -1.65 -2.50  2.13 -3.37  3.56 -0.30  0.00 -0.93  0.48 -0.04 
-1.03 -2.84  3.75  0.74  3.21 -2.35 -0.89  2.53  2.06  2.31 -4.61  1.18 -2.27 -2.57  1.21 -2.71 -0.09 -1.74  1.42  0.67 -0.52 -0.93  0.00  0.14  2.10 
 1.24  1.05 -1.76 -0.10  3.46 -1.35  0.16 -1.11 -2.27 -2.39  0.53  3.02  0.19 -0.11  3.09  1.15 -1.53 -2.29 -0.62  3.22 -0.95  0.48  0.14  0.00 -0.42 
-0.54 -2.01  2.04  2.20 -2.69 -2.72  0.52  1.18 -0.20  0.16  3.18  4.52 -0.23  0.75  1.55 -0.45 -2.86 -1.17  0.82 -1.73 -4.00 -0.04  2.10 -0.42  0.00 
